51 61 106 144 234 366 407 524 557 717 
32 73 268 288 473 492 543 604 705 884 908 
126 150 240 276 303 305 385 390 397 517 589 667 668 696 872 937 986 
65 198 310 484 617 642 754 787 881 968 984 
10 11 122 250 333 508 613 670 746 851 967 
116 125 165 338 433 601 619 646 648 885 888 964 
84 131 158 163 189 310 391 501 504 505 556 585 659 817 822 984 
0 7 55 124 312 416 473 529 677 706 855 
17 259 306 324 332 438 462 574 577 606 734 793 796 
70 200 201 224 804 815 880 
90 316 407 412 436 502 579 666 832 915 925 949 
161 230 256 466 485 493 517 701 945 
27 62 218 245 321 330 337 343 456 502 587 745 757 785 830 
674 738 877 
112 369 402 430 546 834 
14 67 177 196 344 351 375 384 462 668 717 771 779 
221 284 313 398 433 706 837 874 883 922 
187 272 307 345 432 529 617 798 
86 140 302 373 380 405 542 687 805 806 979 
33 54 125 166 220 456 543 571 637 749 767 776 809 
175 486 573 582 668 752 803 900 979 
171 400 481 560 663 683 735 861 933 937 
20 29 81 109 144 250 457 528 715 748 810 873 996 
22 50 241 303 358 366 700 704 708 759 969 982 994 
23 94 386 467 481 575 770 874 927 937 991 992 
58 126 235 550 732 851 
90 143 152 191 236 258 439 807 829 909 
142 189 477 498 674 711 719 948 
18 44 680 893 
109 213 466 750 792 905 
3 32 138 247 268 272 394 464 578 586 636 675 829 917 925 949 
163 193 364 712 758 828 833 843 883 920 
4 52 105 137 183 233 259 323 415 583 635 655 675 710 728 753 
0 41 165 325 477 497 880 
40 172 173 333 370 391 450 580 607 613 650 747 749 880 916 
7 39 42 111 112 181 216 394 474 560 655 742 969 
9 94 116 121 146 199 478 524 552 607 669 815 825 828 833 904 990 
19 687 716 763 877 
169 176 365 525 570 579 633 671 736 799 812 819 915 990 
33 185 233 245 484 820 835 979 
145 238 286 418 486 743 744 833 988 
8 183 193 254 290 447 578 609 734 788 821 841 
112 193 258 341 352 411 456 462 520 606 716 894 911 944 
10 149 150 320 376 423 427 543 554 597 770 905 
86 135 178 305 375 435 497 637 793 954 
305 447 554 604 693 821 
54 69 160 320 431 684 788 952 
137 165 178 231 255 288 596 782 864 872 901 954 
15 180 264 286 417 604 616 661 711 743 856 
77 87 199 211 251 463 473 596 624 645 687 770 846 951 
4 658 752 888 912 
153 189 401 805 842 948 992 
20 60 83 224 341 387 576 588 627 660 725 771 885 912 965 979 
13 118 788 845 
0 165 282 453 492 546 593 611 635 692 966 981 
111 176 274 300 378 735 913 953 957 
76 201 810 
87 223 301 344 602 606 633 635 637 669 690 722 822 958 
56 93 110 143 263 379 470 479 605 683 716 755 
22 407 420 491 708 822 828 901 932 945 
235 299 623 749 909 916 
107 169 302 350 369 437 597 664 771 797 975 
140 357 387 398 442 532 843 
11 157 170 245 285 320 336 440 576 643 743 835 842 905 976 
3 13 45 52 79 227 349 397 718 818 832 871 951 955 
26 60 198 339 694 715 
266 341 393 518 709 715 732 762 866 873 925 
114 137 277 412 543 582 660 664 779 790 
73 153 211 377 428 492 529 536 656 760 821 
49 89 138 241 270 317 590 593 676 719 741 884 962 
275 400 413 590 725 865 951 990 
7 15 78 399 423 490 685 709 884 
365 487 579 672 762 
28 104 193 211 291 337 445 477 515 528 609 623 859 920 
108 614 
41 189 432 479 628 777 879 
87 91 96 117 486 691 739 792 975 
48 171 343 386 671 
172 193 359 570 630 766 790 833 862 874 
240 246 387 524 596 954 
158 362 465 490 705 757 796 851 878 880 
111 518 522 575 652 712 715 750 765 906 976 
151 267 368 422 423 789 826 940 
187 200 310 324 335 346 373 378 477 545 579 650 741 753 955 
172 331 520 526 569 596 670 792 860 893 982 
388 398 402 750 774 905 929 968 
18 58 282 375 393 554 702 830 836 921 
13 288 296 306 323 450 745 811 824 926 949 
26 54 55 63 76 86 103 137 311 329 369 469 622 654 658 674 772 875 893 
103 206 228 504 686 840 854 
71 87 448 479 682 852 
25 175 460 566 625 694 746 944 
102 122 272 352 382 472 485 555 574 642 684 746 
233 352 359 425 460 554 653 799 882 889 
43 91 128 177 389 650 740 781 915 927 944 
107 126 171 215 336 426 447 467 521 546 623 681 702 781 980 
39 64 105 210 213 301 329 446 494 524 530 670 869 881 943 
1 153 208 671 725 793 861 867 874 
2 11 227 341 655 683 782 786 817 877 
121 128 322 400 485 510 696 889 945 948 989 
2 136 245 449 524 615 
264 362 391 623 686 779 878 
110 165 212 227 261 427 638 812 
181 217 221 336 376 422 550 553 563 584 793 798 884 913 961 
82 215 401 480 513 585 601 628 694 899 
37 69 463 511 577 622 745 
136 270 274 604 694 713 784 806 
71 261 384 417 528 655 714 748 
77 86 413 499 508 931 999 
93 120 400 464 596 641 739 840 935 
27 73 244 377 422 581 616 728 766 823 891 
90 171 431 451 619 636 732 774 791 854 
37 60 97 176 217 240 371 746 947 
118 291 408 536 628 745 760 855 998 
109 340 385 426 568 643 821 921 
14 687 787 839 848 
98 575 593 700 756 
28 182 250 272 432 473 590 674 760 809 849 
100 511 648 702 728 734 799 807 810 811 
466 472 480 613 616 650 709 779 843 853 921 
24 163 173 394 489 516 518 521 614 622 655 754 918 965 
80 168 226 236 250 292 345 350 370 547 698 849 928 949 
131 148 187 526 581 582 607 609 621 674 874 
52 85 194 292 534 870 895 
153 218 289 303 349 620 756 758 782 859 
28 228 302 354 470 636 706 725 826 965 
385 549 651 702 757 869 890 
118 203 325 467 493 854 982 
227 300 306 336 360 362 364 441 496 535 592 754 763 818 846 984 
133 260 305 378 539 722 726 742 770 821 898 
32 70 92 172 200 217 425 550 761 
24 131 286 296 507 558 714 754 807 
23 99 218 264 356 974 
53 62 226 284 362 608 629 981 
15 78 128 152 183 236 309 440 454 455 470 539 586 614 643 692 
47 350 412 448 512 551 597 761 891 
165 292 435 459 468 490 652 963 
40 109 141 317 627 785 851 908 921 986 
133 147 166 185 237 310 414 532 691 807 823 841 
173 189 276 314 346 354 474 486 691 708 776 876 899 
252 318 349 375 378 441 459 472 473 475 732 744 843 872 
6 198 263 459 548 646 691 730 747 816 827 850 
185 304 485 658 846 995 
4 106 313 380 384 419 457 483 570 691 797 870 895 951 
203 218 222 498 648 996 
151 163 409 425 471 588 717 939 
33 36 123 196 279 453 538 698 727 838 916 964 
42 145 293 373 422 601 
188 193 334 383 620 621 626 667 685 744 853 860 900 988 
25 51 390 481 626 800 
148 154 173 254 281 283 353 436 586 702 955 
204 253 389 406 543 600 703 832 967 
69 74 291 294 384 479 512 761 794 808 
34 51 102 204 511 647 652 729 953 977 
8 83 129 170 228 241 245 312 348 359 391 409 454 477 563 852 857 
13 42 305 335 383 456 462 540 602 783 803 896 
12 238 396 523 631 772 924 998 
21 191 210 264 295 422 425 435 442 461 512 535 639 801 820 852 939 
11 58 67 99 125 150 667 674 731 958 989 
257 276 301 436 
219 262 320 545 552 659 793 811 931 938 
24 88 215 266 366 593 711 826 850 877 
42 50 130 300 312 385 515 545 591 643 676 862 947 
210 264 353 364 448 492 516 587 588 672 731 890 939 
182 588 645 659 739 784 901 
54 321 377 693 849 859 
39 63 135 212 227 352 355 454 675 
74 164 207 369 459 568 704 871 904 961 
29 31 50 66 285 333 348 396 512 534 550 584 778 896 936 
39 53 68 77 237 247 305 328 822 863 893 
166 474 688 881 928 999 
63 129 164 311 333 336 425 427 486 554 750 818 838 842 849 856 917 984 
24 248 618 636 677 692 761 
224 397 644 745 773 784 804 816 
42 154 387 445 527 611 640 738 756 911 913 985 
224 481 683 700 798 811 877 897 922 953 
10 410 475 610 832 941 942 
386 471 477 498 522 832 886 954 
76 79 151 280 342 396 548 560 596 638 699 979 
116 181 253 355 441 737 755 794 848 
34 166 240 371 439 547 930 
82 199 291 556 605 716 794 810 
29 217 218 309 398 572 623 732 799 
6 26 104 215 234 311 355 369 429 462 481 604 809 829 927 933 977 978 
19 384 767 814 818 985 998 
407 642 978 982 993 
8 12 37 70 132 290 339 494 506 565 589 599 658 675 693 737 806 826 995 
219 234 278 407 434 453 504 574 590 617 771 
6 20 22 167 311 461 474 646 
134 135 158 206 222 323 663 683 782 
1 10 146 188 237 285 397 553 913 974 
159 163 294 305 329 496 538 604 635 773 809 810 856 871 
270 271 379 451 460 505 625 659 672 841 964 965 
474 480 567 580 723 832 943 951 
271 286 445 462 524 621 817 
149 178 184 312 343 511 670 699 706 741 888 
333 391 413 548 660 728 896 902 935 949 952 
417 449 455 464 503 719 789 831 944 
190 479 608 810 923 954 970 
49 80 135 394 476 598 783 804 809 879 999 
16 51 69 110 129 138 246 501 600 631 672 721 768 
34 44 131 150 293 371 429 518 618 683 740 763 799 887 917 
29 108 137 157 218 236 313 335 454 612 749 928 
25 73 100 119 158 172 201 217 221 233 275 357 383 404 409 575 691 789 864 942 968 977 979 990 
98 290 543 618 702 820 838 900 994 
93 98 132 213 219 296 371 470 537 538 671 829 946 
20 30 164 300 437 524 744 819 862 869 916 
204 248 323 397 400 433 495 620 701 796 804 815 941 945 948 
409 422 541 713 846 932 
56 386 497 533 554 868 
139 149 248 711 860 908 928 957 
0 76 134 398 600 612 705 723 760 
75 186 202 242 306 321 325 408 624 776 897 977 
202 246 272 286 513 753 775 825 
75 143 187 218 247 426 541 592 668 720 834 933 951 
6 34 81 238 283 297 428 451 474 522 641 716 
117 223 235 314 351 363 448 475 477 582 602 628 739 744 
9 23 184 215 349 465 646 698 
104 148 393 407 441 471 506 512 537 563 629 767 888 908 
181 228 331 476 495 717 903 926 
6 7 14 111 400 418 458 852 953 
49 172 306 467 480 932 939 983 
43 56 65 317 432 680 804 818 864 870 879 
234 367 584 721 774 808 
294 312 426 435 440 504 540 599 663 744 932 965 
122 227 236 238 317 339 505 589 611 612 699 805 918 
21 37 57 96 176 188 253 265 420 438 458 550 875 916 
110 221 329 608 794 909 993 
146 356 459 528 532 556 686 833 991 
16 22 215 250 268 376 408 471 520 805 873 
94 207 258 320 379 405 446 469 529 549 578 597 606 651 931 
57 181 227 369 576 579 822 981 990 991 
88 225 269 293 319 332 451 674 675 767 782 927 989 994 995 
138 196 341 
20 33 54 122 362 418 576 859 936 
115 119 295 325 338 373 504 583 761 805 827 996 
38 265 298 339 344 420 430 467 513 529 539 546 614 658 704 747 
21 356 415 449 582 588 876 
203 296 350 361 720 932 
335 360 623 657 839 952 
125 185 222 429 455 497 570 653 722 796 896 935 
43 109 113 135 137 222 264 380 392 555 562 644 665 692 694 728 774 883 901 924 
55 69 81 83 125 130 213 222 390 500 549 767 932 968 987 
15 89 148 321 338 445 530 631 698 784 968 
85 232 238 380 403 488 511 564 735 761 
153 263 348 411 427 525 528 537 694 847 978 
478 562 611 746 849 924 990 
65 97 110 274 315 325 428 450 537 583 627 729 863 
66 75 137 170 247 294 320 507 511 624 760 
90 126 470 501 575 591 
35 262 351 358 399 413 521 
52 59 110 328 332 356 446 482 807 916 967 
40 70 199 243 354 391 505 525 606 646 662 779 949 
24 106 114 175 234 280 317 433 460 648 765 906 925 971 
185 364 445 494 632 646 857 
132 243 288 327 353 359 513 582 597 649 693 696 845 905 
6 135 149 477 556 564 720 829 991 
66 91 97 109 149 318 423 546 555 725 733 781 786 
8 53 93 168 252 364 378 405 427 444 513 605 633 947 
21 151 284 285 392 395 592 692 
30 217 310 342 363 374 406 469 634 894 995 
510 554 854 
156 175 206 276 410 493 765 769 860 879 903 
169 523 732 741 761 808 955 
44 88 233 275 308 412 675 791 
131 402 431 512 601 611 724 810 827 880 939 971 
6 115 129 167 210 284 522 629 694 722 748 768 791 858 
18 69 355 654 716 775 911 
13 195 233 372 657 746 772 905 925 963 
109 271 312 384 538 544 615 666 782 
0 260 372 463 638 647 698 739 
49 188 222 225 316 323 362 561 602 686 730 813 916 953 
121 278 422 516 533 542 544 639 671 729 781 827 832 
24 127 167 306 312 385 418 490 744 
144 180 200 235 347 380 459 590 719 876 893 
35 169 315 369 700 851 957 964 982 
41 75 124 423 478 509 517 
32 51 95 155 195 288 390 421 426 652 667 738 787 846 924 
13 478 482 637 763 772 858 866 885 
31 90 245 283 310 399 418 483 509 658 668 727 760 861 870 979 984 
20 177 275 313 314 322 501 629 660 784 813 850 857 
1 143 204 422 440 449 538 547 663 880 
174 188 195 298 374 623 798 
21 205 310 319 402 453 
44 63 97 355 432 517 734 774 878 902 988 
142 213 541 663 711 764 801 972 998 
168 318 513 517 751 758 808 
210 241 323 357 492 559 602 947 951 972 986 
19 31 452 691 851 884 982 989 
16 97 117 193 320 395 491 545 611 754 834 862 955 964 
3 199 435 590 925 
183 283 357 409 460 533 542 648 703 
50 207 325 539 
503 571 735 758 779 900 
28 95 155 227 322 349 385 409 604 619 642 735 757 896 987 
6 39 121 151 197 459 472 541 635 650 725 796 847 923 
105 300 349 423 512 590 603 702 713 718 897 901 
47 458 500 547 648 734 756 782 857 885 913 
175 186 253 368 627 674 683 749 825 853 864 
13 298 304 398 449 646 697 801 872 
64 74 319 334 338 585 602 718 754 898 956 991 
77 147 380 597 622 758 886 914 
44 62 154 327 485 595 607 704 710 771 
45 166 322 343 
39 383 508 513 518 737 
88 323 395 427 652 684 870 951 
177 180 362 542 551 613 635 636 704 968 
190 540 635 644 714 807 921 
174 216 340 437 441 511 625 719 763 855 886 887 898 
34 38 54 125 178 312 313 331 498 553 680 730 796 805 833 866 
19 89 129 250 308 326 383 441 630 649 731 754 849 865 
11 69 118 270 454 577 742 
6 187 305 321 409 748 835 900 951 980 
42 76 345 452 701 792 835 948 
386 607 650 689 761 829 872 955 
5 419 498 690 707 778 791 838 870 
70 
151 249 471 525 580 625 647 807 884 970 
42 146 285 302 340 386 707 
125 252 256 415 433 620 621 672 936 
65 67 430 714 893 953 
71 127 153 156 325 336 491 553 575 632 899 905 954 
86 111 248 275 277 395 537 547 653 722 847 880 
32 184 256 264 438 529 708 
22 25 178 244 307 343 514 623 665 697 868 960 
12 164 169 226 509 561 627 795 844 858 861 
398 439 550 666 770 815 821 923 986 996 
0 51 123 127 145 172 269 390 395 406 861 916 953 
45 143 167 292 297 343 424 467 594 688 771 976 
30 76 230 383 415 434 452 517 691 842 845 
68 91 207 253 304 447 543 715 966 
84 286 617 684 728 916 955 
164 262 266 346 767 880 
75 191 214 218 322 567 700 737 759 995 
278 369 468 473 776 
511 514 785 796 850 868 967 983 
2 7 8 10 79 123 170 318 392 429 659 754 845 933 
107 175 220 384 499 523 557 749 911 
94 522 610 656 761 878 904 993 
64 72 201 727 851 880 883 945 952 955 
50 120 187 341 379 570 983 
22 54 137 427 454 456 545 616 647 660 678 699 726 728 
7 62 191 225 238 696 932 933 989 
291 298 316 398 500 517 520 
128 159 255 269 536 624 754 
133 143 294 350 365 376 378 442 487 579 655 740 
85 156 377 390 586 587 619 620 756 853 
41 369 465 466 917 923 972 
40 94 129 201 366 428 550 607 678 695 701 
32 98 200 413 480 507 509 669 728 962 
3 35 73 125 316 349 351 616 704 726 936 
22 105 527 870 
109 152 254 311 346 
187 194 270 283 343 581 673 703 839 848 880 993 
45 95 107 270 311 396 548 733 740 905 
68 151 256 266 271 673 700 846 
90 133 135 236 280 365 413 419 460 470 816 
216 330 419 441 716 811 892 933 
37 109 320 421 474 504 548 557 568 615 621 
160 325 356 410 565 793 801 807 832 984 
34 166 195 285 288 331 465 618 645 677 770 876 888 
7 54 80 552 568 627 632 648 701 948 967 
94 114 185 297 499 523 607 694 713 744 771 811 921 
174 231 279 543 546 592 614 651 800 
60 108 489 618 673 682 700 724 827 869 915 946 
533 548 569 799 901 960 977 
152 337 533 636 689 893 
28 161 174 262 280 422 441 514 648 
58 63 82 139 167 279 429 442 645 723 905 961 
105 266 442 521 656 670 807 
64 97 159 171 223 296 308 403 564 578 694 734 742 777 969 980 
1 120 166 214 278 423 514 524 551 553 575 701 762 788 
62 365 691 722 867 887 
42 184 235 244 260 304 336 378 407 540 656 732 775 856 
191 200 244 410 599 605 850 
121 157 169 197 271 284 547 553 558 896 
9 13 146 252 290 355 422 437 847 859 950 
115 156 209 275 349 367 381 485 488 674 
0 488 492 662 
254 260 490 535 575 576 708 725 833 896 
6 120 133 230 233 292 435 481 514 517 576 610 676 689 702 813 982 
42 217 457 472 477 745 751 766 776 
37 58 145 298 579 642 776 783 856 905 933 999 
348 596 657 754 832 941 
67 100 144 189 214 220 293 319 358 378 462 463 811 830 853 
1 341 488 504 541 559 572 590 621 756 830 851 927 
141 149 171 177 260 292 355 483 502 607 644 974 986 
37 175 190 241 303 332 396 448 486 663 702 742 779 815 882 955 960 972 989 
463 529 800 862 921 941 
220 382 517 525 547 612 623 703 745 875 877 928 
64 217 329 463 513 604 614 894 934 960 968 988 
74 197 248 347 490 519 523 549 570 642 937 975 
191 303 431 461 467 494 512 517 567 658 765 781 810 842 860 
68 103 145 260 279 303 417 421 719 760 786 935 983 992 
145 218 223 260 409 505 514 536 684 890 962 
10 24 145 422 430 567 598 739 796 842 939 942 984 
36 170 197 209 444 591 787 821 829 906 936 991 
0 408 553 775 824 918 
61 131 213 272 279 588 593 754 
45 117 153 451 462 646 657 831 852 877 883 940 
17 81 95 153 239 459 492 551 707 718 719 922 930 
24 269 321 400 495 590 682 687 819 926 952 978 
25 48 91 396 399 910 
17 65 162 175 188 259 496 540 707 818 914 
20 36 171 253 452 543 659 785 875 903 950 979 
91 162 324 361 380 562 578 767 
14 43 86 169 200 453 468 495 650 679 754 967 
104 110 259 400 467 480 583 834 
37 86 327 504 607 729 766 879 
109 112 231 266 293 295 415 447 602 704 736 818 
19 238 326 455 546 565 582 698 720 759 806 810 
84 188 206 211 212 276 308 429 453 484 522 572 614 690 840 951 
96 128 174 208 353 664 857 864 919 
1 9 65 114 410 428 471 537 561 647 914 928 965 
3 78 114 222 302 403 445 673 798 843 
81 95 194 236 380 504 
5 55 71 109 199 225 565 594 763 947 
22 73 136 690 725 738 818 862 888 
117 160 449 720 737 759 
67 72 118 228 250 285 364 365 410 435 639 702 798 979 990 
316 329 455 481 552 721 872 955 
67 111 143 190 199 389 589 591 665 781 898 946 993 
50 167 210 316 438 620 719 887 951 979 
17 82 168 189 379 398 460 519 599 624 649 820 846 867 884 
205 208 409 516 619 752 847 872 932 
88 492 558 650 811 888 
80 445 481 541 644 719 963 
33 358 402 495 523 614 752 827 843 865 979 
13 74 131 138 235 377 403 434 490 623 654 783 863 902 912 
39 81 144 234 250 255 430 685 707 957 
68 273 282 559 805 881 897 963 968 986 
57 69 195 332 502 520 537 826 864 
71 162 253 287 402 477 482 530 600 766 928 949 
403 434 449 593 736 770 
47 179 438 715 
8 161 265 368 640 671 688 697 699 825 842 915 
66 118 178 273 350 441 488 526 622 633 678 799 870 
104 145 146 342 489 592 816 
12 26 60 65 486 577 600 608 806 836 855 895 934 
20 60 342 348 401 435 494 536 575 671 693 735 753 841 859 896 923 933 
227 268 668 783 792 
91 101 172 208 365 497 563 702 736 748 807 904 931 
93 242 295 414 496 552 655 660 818 844 922 
191 285 336 348 373 575 654 
138 311 611 701 828 959 982 992 
22 25 32 81 374 421 447 504 557 624 701 741 900 
74 157 239 267 312 437 665 671 831 873 998 
104 216 240 327 406 445 466 557 574 659 696 968 
49 81 135 210 481 588 593 786 923 
23 46 53 87 118 340 344 365 638 664 673 784 797 978 
80 241 414 455 533 604 696 745 774 919 954 983 
243 256 656 825 892 973 
258 265 548 622 649 651 
230 394 765 
29 94 165 535 735 785 788 830 
58 75 160 439 515 696 814 917 995 
9 46 65 176 302 362 426 596 779 930 966 
148 293 569 596 886 
23 76 207 264 325 402 538 782 808 888 955 
53 295 317 320 429 443 648 728 905 962 
48 58 348 662 668 765 800 825 997 
102 127 166 206 208 266 320 350 431 438 560 594 601 681 778 967 
44 180 285 328 416 426 438 458 479 528 536 641 703 731 779 
129 157 180 330 470 583 619 642 745 868 880 958 970 
123 164 193 235 470 676 716 748 752 881 967 978 
9 87 143 210 305 437 495 511 523 565 725 818 935 
2 315 570 665 
183 256 281 313 415 452 712 729 780 793 847 987 
353 606 681 
24 144 150 184 399 417 597 650 732 737 764 891 983 
140 221 404 428 537 545 623 706 783 809 864 879 937 959 
37 152 165 215 305 940 
68 116 350 437 548 575 577 678 810 864 936 963 
111 132 171 251 260 347 482 521 548 550 662 721 723 995 
26 360 434 462 547 548 572 585 601 760 776 909 918 
164 287 565 808 
78 162 201 293 398 429 461 563 687 913 980 984 
29 271 345 387 459 595 655 659 699 702 819 874 988 
43 327 486 510 642 692 772 866 
277 508 519 575 580 797 810 880 887 977 
348 441 566 575 670 740 791 814 958 
164 340 525 552 581 748 752 763 943 
68 107 300 442 446 451 503 531 786 795 972 992 
75 591 665 931 981 
10 211 428 448 524 
16 337 369 409 472 598 703 
119 191 199 224 339 439 467 567 578 678 718 734 959 
201 229 242 480 574 624 647 714 849 874 888 
10 46 85 137 292 293 347 459 575 628 639 666 668 675 738 799 904 969 
241 247 305 418 504 643 666 680 884 953 
99 121 174 268 761 806 884 950 963 
86 306 368 388 394 396 522 583 703 728 873 
116 173 218 494 703 723 726 762 783 793 858 955 
358 465 540 801 841 856 923 952 968 
32 51 57 137 257 406 511 587 613 798 805 833 843 998 
46 50 87 186 202 219 235 253 427 637 658 788 817 840 963 983 
96 97 581 623 914 992 
15 240 268 371 479 560 824 944 947 
30 82 344 504 632 651 672 779 845 876 887 
19 44 236 274 318 323 531 790 939 940 
23 159 178 274 385 836 
189 440 464 574 648 743 747 800 915 965 986 
277 389 472 493 502 621 726 917 
68 146 171 256 276 297 375 524 613 891 920 929 
146 152 269 396 515 767 922 989 
93 199 247 299 417 530 565 729 803 999 
10 137 257 294 307 342 356 375 378 499 619 784 876 885 930 
53 90 333 336 377 403 529 622 746 777 835 
40 107 131 192 260 301 307 341 721 725 823 854 
50 189 310 354 513 535 632 680 702 803 851 
218 301 324 335 358 381 727 779 815 822 893 899 
69 79 236 277 315 326 575 580 645 710 722 727 769 833 
61 125 158 180 226 305 319 437 733 989 
381 476 672 742 935 940 975 
113 224 
29 157 279 306 308 356 360 409 616 651 711 764 768 
31 271 353 493 725 832 874 935 937 948 
63 84 90 194 207 300 344 413 485 685 852 992 
71 239 255 312 493 504 592 751 783 836 
52 173 298 432 485 526 566 751 858 953 
69 131 273 369 598 955 977 
65 114 181 256 276 313 337 345 584 848 
4 161 194 449 632 660 826 847 
41 63 89 230 298 560 662 724 739 815 829 890 
140 696 724 809 822 
173 221 239 296 380 384 395 487 497 838 
129 311 365 396 641 683 690 703 778 823 840 859 882 987 
53 93 273 651 717 864 990 
216 244 652 762 820 848 867 883 942 958 
17 72 147 171 180 235 454 468 528 533 596 825 852 854 
326 460 506 582 633 836 849 896 
124 453 610 652 807 889 924 
163 314 405 447 546 588 910 
126 257 285 369 413 484 579 701 874 
29 30 38 99 134 382 426 431 536 577 600 711 824 942 948 
19 70 169 206 259 273 314 341 364 451 539 672 685 789 944 
119 247 362 365 416 670 683 684 723 745 857 
81 170 192 233 569 575 733 791 792 839 852 930 
200 213 291 304 392 479 541 706 
55 120 250 378 566 568 597 706 720 817 850 
1 205 218 229 335 348 355 444 461 503 515 551 560 683 689 936 
33 260 355 363 370 438 580 584 631 785 858 918 942 
217 332 418 455 895 983 
20 170 187 239 246 305 315 563 729 810 865 
52 65 74 77 79 87 251 332 488 517 608 637 802 922 
0 19 70 279 391 530 604 825 911 995 
8 123 284 489 493 564 597 607 634 785 928 970 
5 47 119 174 344 400 417 490 577 589 636 664 957 992 
207 254 255 446 455 504 535 552 578 612 637 678 773 819 
135 253 486 490 576 624 700 924 
28 389 514 573 
22 103 197 281 329 423 513 616 644 734 746 
122 198 239 792 
47 154 318 370 381 406 470 716 900 
86 153 272 411 567 571 614 805 
3 10 145 161 186 259 315 389 652 910 939 954 
126 661 890 939 
72 114 180 188 273 305 323 355 574 758 784 944 
69 146 258 272 372 727 796 835 880 
95 128 390 452 472 619 636 652 676 801 835 948 989 
66 356 591 616 665 737 862 975 992 
84 287 504 513 604 796 824 
22 256 277 288 418 579 662 686 848 861 945 
223 432 638 720 902 
272 274 291 298 570 603 677 699 
8 314 348 509 882 945 
33 70 209 235 268 521 765 809 911 937 990 993 
150 182 270 406 421 429 541 684 721 828 997 
2 142 178 240 291 423 627 834 865 
158 263 271 315 509 653 950 
31 130 345 441 640 748 791 827 917 
488 631 702 716 722 747 851 924 
128 165 180 219 370 534 670 732 746 788 847 910 918 
56 201 207 339 871 905 907 959 993 
129 147 289 302 330 333 357 403 482 532 632 644 660 778 886 964 
0 57 61 220 248 320 377 495 632 816 819 889 907 
44 78 356 466 595 603 623 680 774 779 783 817 938 
86 98 180 218 282 650 813 894 944 
30 146 280 303 319 338 362 376 388 473 504 562 676 824 950 
88 234 425 439 530 725 762 798 839 857 926 952 974 
172 358 475 488 734 849 955 
21 30 292 338 527 702 737 892 
69 242 319 391 596 756 785 
2 412 614 709 749 910 
19 64 261 395 488 539 621 688 879 954 
14 35 47 56 137 173 193 349 435 627 643 761 991 
9 31 345 400 411 439 441 456 604 650 
25 83 109 197 288 513 631 837 862 971 
111 247 388 420 747 863 879 886 994 
58 139 264 462 710 741 829 
30 95 107 255 265 439 446 451 495 572 591 840 928 952 999 
65 235 236 250 565 658 716 875 969 981 
202 345 473 525 571 704 950 
116 292 420 428 436 546 622 875 983 986 
175 372 404 523 720 728 833 912 959 
16 42 68 134 208 484 682 721 899 
172 458 775 885 
29 82 216 336 561 596 673 932 
49 83 136 429 493 682 730 796 915 970 989 
53 99 198 225 298 307 505 621 828 837 878 981 
57 62 556 637 920 946 
23 34 82 123 145 193 375 378 382 542 677 799 801 892 905 970 985 
256 267 303 307 385 610 703 875 879 
52 182 240 274 417 474 484 544 578 638 918 948 
59 139 179 231 410 444 501 552 575 795 914 934 
3 99 312 348 397 585 598 726 756 833 847 870 897 957 964 978 
63 350 540 567 734 765 790 907 
227 356 369 387 748 806 905 
121 179 215 702 
17 92 225 298 476 510 663 666 688 719 891 999 
68 69 153 165 315 611 699 741 753 847 857 
3 187 315 337 709 812 
4 101 321 338 400 506 575 591 
428 533 559 745 770 879 921 978 
72 146 190 200 300 338 411 532 796 883 906 
22 84 110 163 231 243 620 755 857 956 959 974 
8 63 176 183 270 279 281 436 483 549 777 
62 73 113 141 472 499 501 536 581 631 829 899 
180 197 212 227 265 442 597 658 702 755 
54 80 184 286 312 349 416 712 991 
7 10 232 334 461 497 721 
148 229 349 494 605 613 630 646 660 787 880 924 
72 178 359 385 417 551 636 834 
161 172 204 324 346 395 479 488 633 734 781 980 
37 158 224 385 404 418 438 538 617 756 830 835 841 885 
60 104 122 160 203 268 300 416 430 475 554 803 902 962 
36 53 194 362 399 412 757 969 
7 42 86 166 182 205 268 368 519 592 616 658 787 831 920 
202 317 374 452 500 539 570 786 833 883 
8 198 262 396 532 546 651 655 917 
38 47 255 288 654 813 816 821 822 845 888 
7 107 224 294 418 445 447 794 833 842 881 
19 208 296 390 428 756 838 863 
1 177 283 494 528 561 651 655 657 773 
200 434 460 515 572 685 726 727 
108 215 381 503 550 583 661 699 743 763 766 817 851 
210 956 
28 129 220 446 466 590 742 776 825 828 977 
7 56 137 166 188 267 347 441 565 618 714 880 888 903 
82 216 339 438 466 490 626 752 769 915 
62 85 162 257 289 335 402 603 757 802 832 
92 154 212 226 254 296 308 515 577 587 784 969 
159 184 204 281 416 417 
69 162 312 662 786 842 
60 575 608 611 677 820 821 898 
341 469 748 811 895 916 988 
114 360 396 566 630 701 714 742 763 850 
149 204 294 337 416 458 717 748 818 975 
73 86 438 447 518 565 651 660 798 975 986 
5 56 88 105 201 251 387 576 688 714 923 928 976 
188 189 276 523 636 648 672 772 813 816 826 917 
28 401 504 640 670 838 921 931 968 
256 354 395 929 972 
57 63 112 315 385 548 557 864 983 
2 118 144 305 367 582 598 599 607 609 707 716 868 887 899 
29 226 265 405 461 524 653 700 712 738 773 867 891 915 949 997 
150 173 219 263 355 572 770 830 876 903 971 
91 185 273 365 379 399 485 659 762 826 
260 374 425 544 568 673 680 763 769 807 877 901 913 918 974 
8 104 280 327 349 445 534 738 786 835 
60 605 720 733 739 832 
186 203 224 307 830 973 
103 203 250 366 374 425 610 659 708 735 737 865 
97 112 213 403 660 734 837 958 
8 19 227 246 252 273 365 423 489 506 699 778 804 876 937 
40 414 852 993 
218 219 694 
71 189 195 283 391 440 741 790 863 864 954 
108 264 301 474 640 677 686 745 842 936 
72 127 183 380 398 445 456 463 475 482 613 784 870 
194 228 267 575 581 783 876 910 937 939 957 
12 136 231 255 263 345 362 384 401 595 659 726 780 819 874 976 
36 216 238 428 476 533 632 696 753 941 953 
8 11 17 205 258 550 654 669 727 794 832 934 972 
25 213 218 219 248 261 262 385 452 599 695 784 884 916 
135 176 207 528 574 632 706 732 792 825 
4 354 394 576 607 821 885 923 961 
125 377 387 426 448 455 526 563 642 844 849 946 956 
0 6 127 336 503 814 815 826 896 
24 145 225 296 383 506 573 612 665 789 907 
289 424 453 514 719 721 727 847 944 996 
174 343 509 670 868 930 
373 631 737 766 791 865 931 
136 320 367 395 398 533 701 758 810 851 852 880 
171 259 360 559 681 813 926 962 
123 274 281 692 709 922 
6 424 628 638 682 751 
123 136 235 286 398 487 626 730 876 901 
32 278 450 508 515 531 658 683 823 866 868 
148 350 434 647 705 856 969 
41 93 214 238 265 267 270 605 631 662 773 799 892 
501 595 684 741 887 
170 400 547 675 728 768 864 
17 198 238 269 384 638 685 758 987 
88 163 166 193 195 268 353 442 463 682 730 894 896 991 
43 152 482 645 713 887 892 913 915 
173 487 556 572 883 943 960 
47 216 262 285 308 339 447 465 468 568 605 615 690 785 
118 182 233 373 748 869 
100 246 265 357 432 625 715 781 939 
281 323 401 418 424 451 489 494 531 540 646 730 754 831 
30 46 262 291 346 822 868 891 
5 129 447 511 
88 150 185 238 283 347 457 470 601 657 786 856 
80 154 448 689 716 743 745 753 831 875 
69 110 119 263 276 638 719 740 817 972 
122 322 327 332 679 772 786 840 918 
12 97 135 293 438 566 592 906 919 
64 68 217 264 371 421 470 521 591 692 758 762 832 979 990 
136 240 369 411 478 545 699 703 735 764 946 
77 131 196 201 319 477 562 682 695 727 752 
76 874 878 904 925 
225 321 325 392 439 522 525 631 787 840 860 906 
105 166 238 273 389 399 437 826 
62 118 232 876 
113 156 429 437 465 559 671 673 987 
140 141 287 327 470 906 993 
134 141 241 664 754 755 854 861 942 
92 108 144 329 338 392 506 563 660 754 821 963 
123 288 335 342 375 606 710 792 
76 714 
123 205 300 326 394 427 597 801 922 
78 146 259 276 359 484 696 989 
40 209 448 633 694 739 829 909 
287 313 455 637 829 
285 315 334 397 512 544 629 738 748 798 810 873 920 
57 541 653 664 723 762 770 931 955 978 
183 226 239 261 306 345 443 534 725 774 793 798 840 868 882 908 953 
186 285 316 363 386 482 484 509 559 692 727 784 
1 78 144 207 341 346 495 578 647 989 
45 119 143 152 223 360 368 428 489 534 549 768 971 
340 
215 241 332 389 523 666 757 
357 398 509 910 993 
335 350 391 478 723 779 879 968 
159 226 336 346 417 508 525 536 628 633 781 
31 54 87 214 353 389 443 990 
124 172 471 636 724 849 
25 65 182 220 302 400 464 676 875 955 
14 157 262 277 517 520 662 769 837 879 916 
7 101 208 463 532 559 612 635 643 644 698 786 895 996 
31 56 137 484 504 699 783 900 929 
39 138 201 226 278 486 501 609 653 687 952 959 962 
5 97 98 201 284 292 405 544 759 811 817 870 
162 170 278 508 572 731 767 873 898 
132 305 408 717 783 965 
18 43 54 99 178 187 535 629 663 724 839 851 
249 262 371 650 779 782 846 932 
65 227 455 504 677 680 721 760 788 
92 345 358 385 387 436 525 777 
216 231 235 420 423 605 654 683 940 971 
52 61 215 219 228 426 452 610 683 992 
35 38 102 121 173 223 262 553 571 711 867 957 
68 116 351 410 699 736 761 776 813 902 944 
23 49 107 113 275 291 616 636 823 888 897 
86 100 221 241 746 931 953 
81 134 595 607 750 772 987 
23 29 65 157 220 274 285 737 825 918 986 
83 174 261 294 304 402 489 551 562 611 638 640 721 825 933 
2 60 406 451 557 677 732 772 848 853 
301 356 439 683 687 740 811 929 
31 249 301 328 441 900 934 
338 419 575 637 701 874 
4 156 302 338 371 613 890 
166 233 381 772 798 
25 400 443 484 508 586 724 759 839 847 877 919 974 
274 364 460 489 494 593 717 749 
209 271 285 288 332 432 619 683 888 
96 147 153 296 347 629 642 659 819 843 
57 108 199 245 309 506 528 603 781 839 897 900 915 991 
165 232 281 378 513 569 607 664 710 755 897 927 991 
3 70 82 404 509 516 742 814 829 996 
102 114 175 180 423 549 749 810 835 962 975 
192 349 377 513 606 767 807 907 961 979 
43 127 331 397 531 786 907 976 
121 182 470 475 482 683 713 720 780 793 851 
41 59 76 86 251 269 476 508 574 752 937 
4 24 85 358 522 626 773 853 895 
0 23 36 342 366 449 523 877 
72 140 268 321 322 357 363 612 628 634 635 659 667 
10 46 286 459 
333 388 483 742 864 880 896 932 
31 75 311 351 683 737 876 880 
49 66 117 166 397 555 629 686 780 817 827 844 
29 174 384 412 414 718 774 887 944 999 
17 48 270 382 607 737 793 888 944 
25 92 169 220 278 653 691 
189 318 590 599 678 743 778 851 
241 284 395 547 548 594 692 987 
140 312 374 466 618 641 677 888 
18 28 118 119 122 222 267 282 472 536 540 676 692 724 
168 246 333 387 402 594 608 623 773 845 
188 264 497 567 603 706 768 856 926 929 944 
57 71 206 250 255 405 422 510 534 572 578 646 681 
144 160 245 609 879 959 973 999 
38 99 153 370 653 687 709 722 790 
106 218 240 484 590 658 865 869 
67 166 391 489 527 647 806 847 903 995 
85 106 226 634 817 877 929 
6 190 263 701 709 745 777 898 943 
50 70 200 285 369 372 516 536 567 673 741 
104 303 312 341 481 486 526 718 855 858 874 
98 251 283 327 361 544 729 770 820 869 
185 250 434 491 517 760 784 877 897 929 
199 257 258 492 872 895 941 953 958 
108 363 383 443 501 532 
122 145 227 482 626 632 723 735 764 865 888 922 
105 148 207 259 471 566 579 769 858 992 
86 195 211 294 300 324 462 610 670 706 843 
4 460 466 588 641 778 786 963 
37 169 258 259 291 469 574 651 722 852 979 
21 103 268 338 376 597 612 693 815 847 868 895 897 955 974 
72 162 271 453 559 562 648 722 784 
37 38 42 85 89 336 388 478 529 624 655 706 875 886 991 
22 100 115 247 261 336 439 455 484 489 633 695 711 
96 222 355 395 737 942 990 
100 120 151 187 305 609 746 
18 160 468 563 578 986 
117 212 226 426 446 759 813 872 926 931 
105 130 216 229 321 341 360 430 453 530 570 698 737 756 821 885 980 
78 88 135 185 195 282 346 347 434 461 472 486 540 668 676 713 772 854 890 
123 229 371 443 861 911 923 
81 131 141 179 192 386 399 533 706 798 821 890 928 
54 204 277 299 341 439 450 510 623 653 754 905 984 
69 254 531 539 684 718 942 981 
17 194 223 257 417 561 581 664 889 968 973 975 
18 82 420 445 610 621 625 659 664 687 724 855 
21 80 101 239 289 297 349 418 476 477 897 988 
57 343 630 651 753 794 799 
18 66 186 273 447 664 937 
20 52 97 117 571 647 649 819 895 
328 438 621 921 983 986 
42 85 170 208 266 299 433 466 467 576 577 602 604 782 810 828 882 
22 163 422 500 545 592 738 761 891 993 
42 81 512 598 749 818 849 
384 567 574 689 715 729 848 
42 158 296 302 341 474 521 595 614 653 662 837 972 
126 196 197 252 404 499 555 653 659 726 822 922 
182 507 536 541 667 706 790 927 939 984 
61 64 97 152 154 206 318 666 742 789 794 924 
95 249 319 434 458 565 580 715 876 933 944 991 993 
35 74 135 422 486 546 554 586 743 764 816 864 904 996 
118 220 289 354 575 761 790 
162 194 343 369 455 555 740 783 
7 58 63 108 127 136 250 260 330 373 436 490 704 781 894 951 
93 150 466 625 641 660 718 787 815 827 949 990 
152 194 297 380 465 640 671 765 839 893 922 
13 177 312 381 415 464 625 767 813 928 932 961 
35 333 352 400 492 556 571 803 838 886 908 933 
84 402 407 548 874 
305 313 359 386 455 527 739 
86 208 236 435 442 459 469 514 526 546 716 803 818 827 
17 59 163 307 375 532 660 808 835 837 995 
24 154 162 276 289 324 328 340 401 582 617 649 768 786 874 902 
179 249 294 517 622 906 909 
151 215 279 301 440 593 636 742 796 818 902 
69 86 137 143 386 456 536 946 
90 214 358 368 372 461 464 508 701 830 869 975 
34 97 240 398 529 735 783 882 
521 810 821 908 
300 311 370 491 573 639 739 
38 151 306 353 378 381 579 658 677 766 807 857 969 
53 60 134 182 216 634 715 866 927 
220 261 273 382 413 582 589 657 
111 214 244 619 785 824 895 933 972 
14 82 195 219 247 265 547 588 698 758 984 985 
139 260 395 803 
26 48 226 266 328 331 345 581 881 983 
76 113 449 550 624 773 794 
94 185 346 485 591 716 845 889 
63 181 245 573 710 755 880 
54 232 282 298 324 432 519 569 657 671 
51 97 150 539 541 713 948 
38 42 43 268 423 468 501 524 561 786 878 
6 12 142 292 503 639 640 801 848 893 
42 59 151 603 643 751 787 970 
205 222 442 641 648 691 710 831 961 978 983 
48 369 419 494 508 598 681 690 761 902 
84 222 339 351 782 868 919 
166 198 228 328 566 580 614 731 880 969 
10 51 56 62 167 180 291 400 481 507 761 804 906 965 
79 139 147 205 280 295 431 493 648 707 716 733 901 
64 134 260 299 368 518 548 665 891 991 
73 118 295 599 643 651 772 852 935 970 
80 124 369 400 412 604 626 771 928 932 
87 135 255 271 590 765 883 985 
12 22 97 252 402 445 608 629 652 820 
72 114 208 273 339 373 402 486 532 697 920 943 
74 245 305 375 451 507 670 781 817 
88 154 312 320 331 390 410 505 661 664 794 945 
426 534 620 773 939 976 998 
48 101 116 222 333 384 854 
326 512 536 647 685 871 898 900 940 
190 284 494 508 527 596 881 916 
197 199 419 436 518 682 700 718 857 868 
46 75 195 290 344 422 439 490 502 524 564 578 604 869 935 958 
20 40 46 106 223 224 331 454 462 568 642 665 719 962 
36 69 341 546 574 657 910 973 
92 105 163 273 360 391 559 705 747 953 
91 104 142 231 257 325 338 453 489 513 611 640 744 828 831 919 950 
341 393 527 553 596 617 639 743 759 761 
265 595 839 855 
80 91 176 261 325 340 645 876 921 977 
148 311 331 582 604 648 657 871 
14 180 354 535 537 812 833 890 933 936 
36 182 206 227 240 249 442 512 554 643 644 766 844 852 
74 134 153 169 304 412 562 579 767 918 
477 815 969 
85 136 147 236 237 248 325 440 571 864 949 970 
161 360 460 487 533 840 933 951 991 
19 111 223 235 301 502 540 578 764 844 
134 211 366 697 721 944 
232 277 459 476 477 509 518 693 725 765 843 881 977 984 992 
164 175 375 445 456 645 682 828 832 880 978 
17 209 319 495 507 534 536 569 761 816 969 
17 84 205 346 389 565 701 773 786 895 
310 496 558 720 736 830 
207 231 569 639 879 
29 35 166 314 323 442 477 486 487 562 621 643 663 712 716 719 729 808 819 944 
43 82 148 162 321 397 687 900 977 987 
250 373 410 521 934 970 975 
82 418 457 463 524 863 984 
316 394 553 719 754 786 882 
10 136 175 286 390 798 865 
458 557 577 612 714 745 989 
32 54 61 65 320 330 422 513 581 627 648 663 743 912 954 966 
25 37 351 373 437 550 681 880 901 969 
380 428 443 471 522 572 613 641 679 755 813 824 965 968 984 
22 89 304 346 407 445 457 484 486 557 882 960 
64 179 405 553 692 701 717 746 749 753 803 915 920 982 
2 109 161 610 677 845 860 929 961 
109 132 193 580 
38 205 244 332 466 497 534 725 965 
160 255 301 390 407 598 671 795 871 894 
27 48 132 218 220 287 289 305 418 427 432 433 493 582 591 765 
257 430 470 563 668 702 738 769 864 927 
36 288 480 581 618 647 764 777 
104 187 242 498 598 612 689 966 
72 93 157 225 237 286 520 567 593 602 768 799 831 837 
336 418 430 476 479 482 579 654 667 771 984 
36 49 255 273 418 442 563 591 668 793 
115 247 257 312 319 394 404 510 528 594 621 632 704 747 774 776 
127 327 371 627 657 669 725 976 979 
33 53 182 259 453 498 509 619 633 653 795 953 977 
22 299 539 560 679 833 960 978 
126 151 217 245 755 956 
3 81 437 643 647 948 
94 160 240 325 342 476 572 649 685 710 990 994 
22 122 165 168 215 256 301 337 409 576 617 667 913 999 
155 279 282 392 452 541 572 605 629 636 664 705 762 929 
76 80 202 211 278 291 393 509 623 700 785 832 866 
13 54 112 188 303 343 797 
169 296 318 393 448 468 602 789 841 
15 395 573 673 830 866 914 
234 322 341 560 657 880 
87 400 510 621 656 693 712 716 871 910 
16 33 90 208 613 
144 436 686 723 739 999 
10 79 304 389 502 629 689 
30 80 335 664 966 
20 120 322 609 675 706 767 826 883 914 967 
68 84 188 328 484 646 702 726 749 861 
92 167 509 603 670 697 699 767 782 833 991 
69 158 297 302 580 782 
63 69 166 213 426 632 803 848 867 884 979 980 
10 297 332 485 494 641 772 967 
49 67 254 322 327 373 392 421 444 458 680 970 998 
4 40 106 189 500 533 745 963 
173 227 228 301 361 402 492 586 676 794 817 821 831 867 899 914 917 
57 239 514 528 561 662 800 953 
181 376 467 547 632 647 712 923 982 
57 188 197 304 344 424 502 571 633 720 736 944 970 
6 150 246 449 454 552 
81 175 233 261 274 284 302 438 497 732 791 824 825 868 876 
41 400 462 513 575 582 624 648 672 749 771 872 980 
30 60 269 371 402 474 621 749 836 898 952 992 
159 173 199 286 360 363 457 875 
30 164 176 224 266 300 490 702 746 823 975 
163 183 255 354 379 494 536 572 771 859 925 955 
85 444 488 505 537 568 647 916 923 938 
102 271 277 331 643 704 774 789 819 861 880 908 934 944 954 
154 182 221 278 424 508 856 865 
28 101 210 661 784 
101 165 172 628 682 973 
67 167 207 425 465 498 616 752 841 980 982 
35 70 196 360 601 723 799 
24 55 57 110 181 299 404 538 587 649 842 
29 48 231 268 269 438 620 855 966 973 
27 40 138 241 261 296 532 671 688 771 887 958 
40 52 320 354 423 489 685 722 761 775 784 
69 137 215 219 312 364 397 447 593 809 897 962 
105 183 245 382 463 477 571 674 803 886 937 949 968 
175 202 204 212 324 391 889 
130 346 937 
84 192 213 438 466 602 603 745 842 898 901 
29 147 281 523 662 
91 143 668 
35 40 359 518 571 801 810 870 
283 307 596 599 664 800 909 
0 39 110 140 334 609 730 733 787 816 845 852 921 938 
