106 144 213 225 253 267 279 281 347 358 376 384 395 414 500 503 652 850 867 874 895 909 965 
52 70 73 81 100 102 199 241 335 370 391 500 506 523 525 527 529 535 614 653 729 842 858 874 944 954 
51 96 114 224 230 286 317 376 426 533 558 574 613 687 723 743 904 
19 42 96 125 175 209 260 286 293 374 519 605 615 646 681 689 748 762 804 887 974 
11 206 299 328 345 392 445 515 819 855 860 925 961 980 983 994 
7 17 96 107 147 150 199 300 420 443 564 583 667 704 725 733 794 848 928 941 985 
32 151 176 283 315 380 438 471 475 583 617 690 758 774 807 827 863 913 
32 39 42 81 100 105 115 129 134 157 212 221 267 281 283 372 378 407 449 453 484 566 612 798 801 895 988 
15 17 44 104 127 143 167 258 446 551 700 748 861 885 
144 194 209 224 284 378 399 466 557 606 607 675 681 689 695 775 785 824 875 926 
20 23 154 185 351 402 412 452 477 666 684 688 775 872 935 937 982 
109 175 235 257 446 643 665 721 763 784 926 948 
36 47 278 295 300 339 350 377 389 420 428 492 527 603 630 651 675 723 750 752 753 774 815 864 995 
61 90 161 178 305 328 338 376 379 451 556 676 684 690 770 774 793 818 820 854 912 990 
57 68 102 154 193 279 310 394 457 505 642 664 717 811 822 868 905 944 959 982 995 
304 349 415 443 520 537 549 614 636 668 803 812 853 912 915 933 939 
4 17 82 116 342 364 414 478 579 639 679 714 789 913 922 947 973 987 
47 57 328 347 413 433 440 501 505 519 596 651 813 837 873 875 892 
146 147 150 155 174 269 307 321 353 355 410 411 413 441 480 587 644 733 764 842 915 920 933 940 942 964 
55 145 236 253 271 311 437 520 526 596 656 707 731 775 784 859 907 984 
32 58 66 122 159 263 305 346 358 403 598 617 773 827 830 838 875 
38 189 283 292 306 377 430 463 467 478 542 701 740 795 904 925 964 
46 106 220 233 361 365 427 464 478 503 636 706 709 749 764 796 899 
99 137 177 203 234 238 307 329 364 391 393 548 553 576 615 723 727 733 836 940 972 976 989 990 994 
31 45 264 288 295 619 639 654 686 728 835 855 942 965 
139 165 168 291 312 434 594 646 653 700 705 732 734 803 
48 119 127 165 180 348 415 438 469 490 499 526 531 541 614 704 721 735 774 780 787 829 861 898 
17 24 75 131 188 227 253 293 432 513 532 637 752 786 789 839 875 928 
116 155 172 187 308 330 384 414 420 435 575 652 701 730 744 931 958 985 987 
5 26 27 199 212 219 236 414 417 529 619 705 791 838 869 906 952 993 
5 19 59 78 162 202 268 289 389 403 415 417 482 485 493 615 676 744 755 780 827 988 
9 89 94 218 233 408 473 624 652 657 682 683 686 711 771 980 
83 94 100 107 169 247 265 300 303 340 384 401 418 446 455 572 632 649 662 696 743 779 840 922 926 933 
118 149 193 253 286 314 361 461 501 581 596 621 642 764 819 860 982 
11 48 64 66 103 107 157 226 281 359 365 389 492 511 571 581 582 677 886 898 930 934 955 
151 176 278 285 323 365 421 487 719 774 788 827 934 970 
7 117 140 207 211 225 247 259 308 335 355 460 474 536 560 758 774 780 
34 37 144 318 354 477 491 494 627 887 902 934 
50 102 158 181 348 365 395 432 455 500 508 544 564 613 677 733 741 829 931 972 980 
3 12 51 175 194 226 230 231 341 367 385 458 490 515 717 730 972 980 
40 85 107 174 199 286 302 391 430 464 502 528 722 741 767 793 799 875 912 947 989 993 
13 15 187 225 229 274 413 417 455 600 604 648 702 818 962 
27 39 73 104 121 127 201 316 326 394 408 516 581 613 631 637 694 733 771 776 786 835 847 903 922 929 970 
34 38 61 75 93 100 130 172 209 216 328 405 440 486 494 538 584 591 651 698 856 912 957 
340 384 515 755 778 907 939 
12 163 184 215 296 356 414 444 452 515 590 615 710 743 821 873 882 957 
40 51 94 120 142 171 267 283 417 466 492 574 580 704 733 743 776 847 854 855 934 964 982 983 
164 184 217 220 479 581 596 689 694 709 724 836 890 896 897 901 947 992 
90 97 116 139 177 235 266 327 368 405 436 476 499 502 509 519 537 538 591 618 672 704 823 836 860 974 
30 35 40 195 281 305 334 473 555 581 595 630 931 947 999 
1 4 7 25 84 191 257 309 474 530 571 637 648 654 696 819 836 988 
92 102 146 248 289 290 291 320 357 394 415 429 495 733 739 781 817 862 960 963 973 998 
6 29 94 129 137 182 271 288 327 386 394 406 495 498 527 580 626 721 752 780 786 824 876 900 943 
4 37 49 58 169 184 348 447 524 530 580 959 
264 279 356 558 614 676 763 805 
11 29 79 134 168 172 420 493 577 635 657 728 729 743 827 850 870 902 980 990 
1 48 69 85 136 183 378 409 426 434 605 626 824 921 941 
13 30 54 131 138 155 173 328 439 446 447 517 710 738 751 881 888 895 903 958 
11 24 27 76 123 209 215 228 237 331 432 526 534 559 583 594 619 652 664 692 747 772 799 801 859 
53 154 263 380 419 496 520 538 724 781 797 953 990 
30 37 53 77 110 175 201 225 234 434 449 535 565 620 663 804 830 906 966 998 
25 62 108 115 146 199 213 232 237 357 382 401 567 596 623 760 823 831 844 943 978 
114 133 193 291 295 469 501 526 529 535 540 609 640 695 723 750 752 817 838 844 860 929 939 959 
25 49 252 312 411 419 441 444 451 542 547 671 724 813 900 929 983 
85 120 134 213 284 300 324 359 370 450 501 692 707 735 822 830 869 932 945 
164 250 255 397 441 444 445 475 565 623 658 724 783 788 815 825 836 892 901 907 939 984 
58 114 159 260 287 297 415 428 460 605 644 672 686 719 752 804 808 888 900 911 918 946 965 
203 309 310 486 542 574 730 777 803 813 893 929 999 
3 59 60 161 202 226 238 287 356 359 484 589 603 649 825 846 866 880 902 944 963 
51 57 146 207 254 263 394 439 490 502 541 577 619 670 699 739 848 889 
28 63 94 121 160 182 204 231 233 255 267 270 450 471 499 520 617 688 841 846 853 859 867 996 
44 48 91 116 124 174 261 298 316 355 459 559 575 601 664 698 733 789 824 855 860 874 890 
52 122 125 129 176 191 254 271 297 366 395 414 442 456 535 558 564 579 580 709 784 819 825 
17 66 95 159 218 283 364 442 502 520 598 600 807 838 895 913 942 954 990 
41 110 160 179 182 203 222 260 266 268 292 375 518 562 686 991 995 
43 234 282 332 342 437 609 659 692 732 781 794 814 980 
4 37 82 185 193 194 206 234 249 277 537 538 580 592 641 688 716 951 963 
0 48 90 170 220 329 373 402 405 496 540 596 684 810 826 860 903 
0 7 136 144 217 360 459 465 655 718 765 854 
70 149 203 211 408 439 444 469 472 515 574 664 712 716 726 734 776 805 828 863 927 933 957 970 
65 86 126 128 140 186 190 334 354 360 362 377 453 503 783 847 882 920 926 939 982 992 
0 48 147 228 269 294 373 413 421 522 540 699 748 816 830 847 913 
59 100 149 253 299 301 319 420 463 581 587 639 640 839 852 876 912 967 974 
68 109 127 156 205 211 236 245 254 348 386 433 564 701 739 740 774 783 853 920 932 946 963 
8 90 214 307 327 429 465 527 591 645 674 675 711 734 793 860 965 
22 40 79 204 246 287 370 406 454 508 565 583 681 795 834 904 916 938 987 
13 97 148 177 317 394 445 573 600 655 706 
38 84 126 169 200 207 209 231 282 305 394 445 455 558 577 599 680 721 826 853 855 872 900 917 990 
74 106 121 173 225 227 260 328 362 421 441 571 574 645 649 706 752 793 805 834 890 892 944 985 
104 147 162 199 228 243 276 342 418 521 593 629 638 738 757 836 863 865 935 
70 197 201 381 406 592 602 668 744 777 881 
14 131 157 168 170 202 230 291 330 380 583 647 650 654 680 717 760 777 903 953 
31 38 39 77 85 96 100 136 184 225 244 331 373 398 424 462 490 508 520 598 711 715 923 937 971 974 
25 77 83 125 164 192 204 244 268 274 472 487 504 552 559 588 632 694 695 705 777 859 919 934 981 987 
21 76 120 155 157 206 230 322 404 485 513 519 636 769 781 887 890 944 978 
26 101 134 153 171 233 314 349 396 423 425 442 578 597 650 697 816 855 856 876 898 907 
21 53 226 325 437 455 498 516 648 663 684 736 751 777 784 912 913 917 970 
3 37 38 81 109 111 113 223 309 319 355 380 394 446 451 502 581 633 735 775 833 857 917 923 929 997 
0 94 122 180 228 251 258 270 371 414 437 450 586 646 655 660 701 720 744 778 788 922 962 995 
48 187 215 219 228 232 250 260 272 276 292 419 451 685 690 806 829 845 951 964 986 
58 76 85 117 131 144 258 326 371 377 428 460 559 621 640 869 918 967 991 
174 206 245 356 422 499 677 699 716 723 758 766 791 873 880 960 
97 241 257 267 269 300 443 541 550 675 831 838 941 974 
56 216 266 307 323 326 414 476 478 556 581 582 652 708 735 744 858 909 916 
21 78 79 94 123 203 253 297 378 406 618 717 734 758 824 889 902 935 937 938 
65 122 134 148 181 305 318 346 355 363 380 398 481 503 519 553 600 631 639 661 690 709 771 792 855 918 946 
31 111 120 165 226 278 292 296 374 495 579 640 674 684 718 772 779 785 864 868 906 910 961 971 
71 323 381 386 402 490 501 509 535 572 657 700 839 848 862 885 927 930 967 
29 33 45 58 130 172 270 276 289 322 400 541 687 700 752 796 823 825 829 852 883 925 
14 33 81 115 234 235 275 283 378 533 535 612 629 645 646 668 711 820 861 864 920 926 943 986 993 
9 171 184 185 207 241 315 322 371 378 416 489 596 603 638 654 660 787 812 982 
22 34 45 67 79 88 94 143 162 191 241 297 325 381 385 459 466 505 554 573 576 583 599 709 733 748 855 
51 68 92 121 162 190 208 231 262 295 305 511 557 712 799 843 854 866 919 
183 414 453 641 698 729 755 787 952 965 984 993 
34 47 92 298 307 508 583 635 683 725 726 732 786 835 872 899 921 933 956 994 
140 147 194 213 340 364 386 425 429 471 520 648 656 714 736 757 807 867 868 920 960 
52 75 101 116 136 160 294 295 346 363 440 469 545 554 572 582 602 657 733 814 872 875 987 
65 119 125 160 204 266 270 332 407 427 479 519 560 602 676 739 822 904 947 
11 19 55 81 85 88 138 144 213 337 386 390 398 437 613 645 666 776 784 966 
12 48 55 70 119 148 160 167 238 240 299 314 317 390 418 460 492 530 544 552 798 842 914 
7 107 121 171 224 230 235 267 340 357 402 409 425 443 482 500 506 528 738 770 821 828 908 918 
44 77 220 346 353 375 389 419 425 436 456 477 485 541 589 636 712 736 774 827 839 962 990 997 
42 125 161 238 286 311 312 314 346 392 412 502 625 634 653 660 662 679 737 758 817 931 965 983 
4 28 161 249 264 265 368 389 408 485 491 515 562 567 572 577 625 637 701 744 767 844 
24 37 47 55 61 122 131 239 307 331 475 547 565 724 821 891 945 974 
43 150 192 235 239 276 462 499 519 533 693 694 697 713 714 871 906 925 
58 100 109 197 304 339 355 444 484 521 576 595 622 624 666 687 695 747 814 861 915 984 
8 58 107 173 248 266 272 296 360 379 442 445 462 491 508 639 729 746 797 893 968 990 998 
15 47 106 126 160 388 539 576 610 622 623 636 765 788 801 831 834 896 922 959 977 
75 187 227 262 337 406 429 475 539 554 619 627 672 690 708 737 744 769 872 
75 167 180 200 254 300 317 413 490 543 596 614 840 868 
60 154 192 220 274 276 315 379 429 468 566 586 595 737 783 793 836 850 910 922 926 932 
42 175 243 262 294 624 625 738 773 833 837 923 950 960 971 
33 316 337 486 492 533 534 570 581 643 646 655 706 785 828 852 873 904 932 957 
33 56 103 107 129 131 218 230 245 349 413 444 449 563 567 585 612 614 633 717 734 765 805 825 917 
29 82 252 432 455 523 586 662 712 766 775 841 867 887 913 
14 34 72 112 174 370 378 429 441 518 521 540 556 575 601 635 641 663 731 762 801 825 831 861 878 942 957 993 
84 111 124 250 332 342 363 578 594 745 811 851 870 879 963 
128 212 265 270 271 310 313 384 422 445 477 481 531 768 813 860 896 999 
5 89 181 207 397 408 417 439 484 536 562 630 695 813 999 
9 188 199 203 231 255 303 434 454 460 462 464 510 599 613 720 761 891 998 
37 93 113 146 158 164 170 324 386 503 513 576 584 606 614 656 686 700 773 821 987 
21 33 36 175 211 257 314 352 406 412 451 483 486 504 559 608 634 705 711 732 785 909 912 930 
7 20 35 65 93 146 184 187 204 290 496 533 554 616 708 941 953 977 
13 79 157 175 257 258 279 336 340 358 393 460 556 559 657 771 776 782 785 861 902 
4 88 121 153 180 182 271 300 425 431 609 626 668 719 789 860 876 903 905 962 984 
34 132 134 166 256 289 473 497 593 609 610 631 769 859 924 
46 100 144 252 263 284 323 370 378 399 441 504 512 556 618 947 961 
57 69 131 209 212 226 280 303 363 452 487 494 495 546 796 809 838 888 961 
6 48 63 210 307 377 382 400 404 408 430 436 464 569 748 822 856 
44 119 125 134 152 186 194 236 273 437 522 602 650 662 945 978 986 
18 48 107 157 183 217 238 242 487 536 615 701 790 816 820 
27 167 261 334 369 409 515 520 521 552 656 833 957 
56 136 204 210 216 228 296 318 364 501 509 511 515 542 544 691 771 824 841 914 970 975 987 
8 317 377 495 656 685 688 702 859 899 950 
57 80 125 150 186 319 354 375 384 400 456 507 703 720 738 751 795 803 808 829 831 867 879 938 955 
53 112 113 149 216 240 258 313 329 375 398 505 529 724 821 862 884 886 909 
9 27 31 33 68 88 132 147 168 208 238 282 316 408 423 440 513 528 584 620 623 630 687 693 770 806 888 923 
77 230 245 248 274 302 332 364 461 483 520 533 604 664 721 722 731 791 799 869 
0 152 294 436 447 466 480 506 605 656 686 804 821 892 919 950 
23 36 78 110 115 182 351 374 485 505 515 540 553 644 655 661 700 707 708 786 808 822 832 859 984 
17 24 104 190 195 202 264 413 430 446 477 488 536 659 675 700 769 822 905 
20 179 250 256 264 314 357 371 488 850 882 941 
24 114 136 229 329 330 406 411 491 577 581 699 834 841 959 969 994 
32 41 44 172 178 206 233 253 295 346 383 436 532 545 566 603 772 802 906 919 930 
38 106 140 165 280 308 357 431 488 494 511 516 525 560 591 724 762 910 925 927 934 942 963 
16 43 45 106 132 139 228 264 289 295 367 463 514 559 694 772 789 794 846 893 901 926 958 965 
93 97 121 153 198 215 220 225 245 250 258 267 311 321 353 419 463 514 590 617 618 738 753 776 852 914 
102 214 284 323 349 383 386 411 476 478 578 672 725 762 816 867 886 942 988 
3 25 48 54 91 97 109 125 149 159 230 294 419 452 481 517 735 753 756 779 781 782 784 851 875 878 907 947 948 
4 83 217 245 304 326 336 353 397 404 476 530 565 683 733 847 871 
117 140 183 225 292 329 411 416 523 537 629 692 699 720 739 753 764 784 813 815 867 921 
31 256 259 316 375 462 465 484 549 711 792 937 961 980 
29 88 112 148 317 356 392 465 475 543 574 598 652 744 772 820 888 902 989 
15 43 47 118 277 358 381 426 433 440 497 509 512 690 769 864 913 926 934 959 
1 17 49 83 91 119 126 177 196 236 381 384 487 572 596 671 736 746 826 895 918 940 944 946 
31 82 189 196 219 224 285 338 375 422 530 550 738 747 775 815 828 842 879 985 
42 104 120 149 192 273 296 354 377 427 455 459 469 505 639 766 783 806 814 849 865 888 969 979 981 
42 85 106 195 278 307 390 403 450 473 532 533 551 607 671 684 737 741 779 979 983 
35 108 116 180 247 316 345 359 362 416 456 490 853 908 912 
119 166 168 260 354 360 421 445 501 574 671 700 731 748 776 858 908 932 
86 101 185 202 210 233 293 359 398 416 435 437 508 559 633 664 706 724 745 772 774 918 946 
16 74 145 147 189 231 252 341 390 439 534 802 816 880 
59 128 148 173 176 190 191 240 276 314 416 448 495 573 666 679 688 716 765 878 903 950 
22 49 55 136 156 180 190 223 243 337 360 413 428 446 490 497 530 563 587 653 656 670 735 778 887 
239 246 320 325 330 404 435 525 582 647 657 869 870 962 975 982 
45 70 156 239 411 557 571 614 630 631 707 806 834 853 905 929 
36 94 101 193 226 227 233 396 399 412 485 691 716 797 849 850 942 
308 311 340 459 481 483 547 590 600 664 719 723 730 731 737 743 801 948 965 
83 106 283 332 382 430 549 581 609 613 752 891 919 998 
221 240 257 263 273 310 425 509 623 714 767 829 837 845 874 884 
33 58 169 227 248 320 387 484 634 636 713 734 738 766 803 845 
3 43 55 78 105 107 222 248 457 470 516 517 542 600 711 769 825 839 852 859 887 943 
5 54 61 78 136 185 243 299 408 423 490 545 553 670 778 782 796 846 879 912 950 971 990 
12 198 215 255 313 331 406 432 453 464 493 502 526 564 601 708 746 811 831 840 864 865 872 923 
26 42 258 270 275 300 323 428 431 433 487 500 593 594 616 662 698 709 811 828 830 
56 124 140 206 231 233 240 253 279 299 420 459 511 573 596 616 774 819 968 972 
60 110 129 180 239 262 501 519 601 628 630 638 676 939 954 977 
111 119 122 170 208 250 351 565 626 691 698 842 872 888 974 986 
0 27 44 79 93 97 153 196 259 279 360 401 407 481 517 522 539 610 671 685 706 728 838 848 855 
40 49 127 136 147 153 193 288 315 317 380 423 436 441 449 489 497 538 557 559 571 723 829 942 
49 115 181 208 210 230 251 286 328 417 568 584 585 653 783 906 945 968 
1 9 41 199 236 246 251 252 313 391 409 479 522 575 598 608 632 744 748 750 770 787 887 938 943 
3 36 60 231 237 266 320 373 375 425 431 439 529 533 550 648 650 672 735 739 816 883 954 
23 88 119 127 134 187 195 288 334 645 658 668 722 733 791 807 822 871 935 
1 7 12 49 64 147 187 238 284 303 315 331 377 429 465 475 483 606 640 835 872 888 923 976 
29 35 74 122 235 288 435 479 635 680 702 726 730 820 857 941 951 964 
22 25 44 65 154 202 216 260 423 569 588 600 607 672 692 786 798 856 898 961 997 
23 38 222 228 248 253 279 295 315 331 341 390 433 438 488 501 504 515 523 569 670 696 733 803 880 893 903 947 
4 23 51 76 118 127 241 318 365 390 400 452 464 489 497 715 751 799 830 872 928 994 
32 56 221 280 368 416 461 479 491 501 523 635 652 685 687 701 718 723 763 883 979 993 
42 70 110 187 212 245 292 323 334 367 372 453 543 674 678 687 700 755 796 964 978 
14 49 69 110 112 129 173 181 190 208 215 249 282 339 402 462 482 544 572 608 709 760 764 848 854 872 957 963 981 
53 56 221 240 261 421 497 510 537 574 686 692 742 817 877 894 966 969 
46 58 137 262 313 456 624 723 780 793 842 853 917 936 945 
81 225 228 247 418 428 482 497 538 547 648 689 700 747 788 796 820 880 887 983 
108 121 225 254 268 368 406 461 481 556 593 656 678 703 747 811 814 923 928 945 955 
35 91 183 286 342 343 422 552 611 663 679 737 911 943 960 964 
8 85 99 104 189 222 331 368 394 399 441 453 481 523 550 552 570 592 618 651 674 711 721 748 782 789 790 841 857 908 910 
54 142 149 153 158 255 308 318 350 464 495 503 554 586 715 762 917 920 941 960 979 
23 38 39 104 112 162 201 218 279 410 572 623 680 745 760 831 865 997 
1 10 24 85 107 143 162 177 293 344 364 389 442 497 595 648 710 781 
9 28 60 122 152 157 166 251 265 286 319 322 353 377 484 495 532 536 599 674 691 860 954 
107 127 130 135 211 259 270 325 409 414 424 543 552 576 614 636 688 710 744 834 926 
21 41 85 111 140 167 169 209 245 295 302 375 383 412 447 459 474 481 491 505 582 664 685 822 869 909 923 937 957 964 
30 57 96 195 221 385 479 495 548 562 574 585 595 596 706 802 955 
17 66 132 207 275 347 353 360 366 390 462 548 575 620 675 687 708 769 804 853 859 939 
13 155 230 236 267 269 392 533 646 666 714 830 867 902 960 
14 40 184 185 210 212 264 290 335 344 393 414 479 501 538 559 626 630 663 710 719 873 885 892 942 950 987 
46 55 56 64 143 164 196 210 268 271 395 437 454 472 507 587 625 688 771 852 870 876 
21 43 84 103 112 231 279 342 348 360 365 379 380 411 437 554 582 770 775 841 866 994 
4 24 69 116 168 220 223 292 343 344 411 421 463 465 501 644 732 754 796 893 
114 150 181 233 356 367 373 446 459 603 604 674 708 728 772 773 837 843 868 
43 206 208 218 251 298 315 352 359 436 464 490 546 645 685 714 775 807 833 
97 180 316 421 434 457 460 462 476 500 504 515 537 624 705 725 751 814 834 871 901 932 974 987 
37 140 156 165 176 203 216 330 384 420 446 581 669 696 747 754 758 787 
2 43 80 140 279 371 413 479 491 513 548 587 661 737 881 
0 42 60 64 105 106 124 171 216 252 371 466 515 523 654 687 700 746 775 777 784 834 852 853 867 887 904 907 942 983 986 
18 165 232 240 288 333 501 621 640 709 779 818 821 829 842 878 896 
73 153 242 248 312 421 842 872 903 
15 69 171 180 185 188 250 306 312 332 357 466 683 740 744 765 780 792 806 808 827 840 845 880 891 990 
94 202 261 263 272 303 358 378 470 517 533 636 757 824 940 
64 67 76 95 106 117 169 207 235 251 275 326 400 404 473 607 627 661 737 802 850 890 947 952 991 
7 34 36 77 127 270 309 339 375 388 482 489 631 648 657 659 660 808 859 878 879 911 957 981 
8 10 39 62 98 197 343 400 565 646 663 752 764 786 967 
15 231 235 240 248 258 286 373 374 420 428 442 460 486 522 654 769 778 852 894 988 
95 153 161 222 227 238 253 255 455 460 521 575 602 717 752 757 805 851 884 908 945 
13 31 45 234 245 271 290 303 475 548 552 567 574 648 796 812 830 856 860 862 873 
16 48 154 203 238 307 415 487 524 549 658 669 716 867 884 910 915 953 
8 80 83 89 149 161 263 279 359 392 408 459 577 639 642 781 790 817 845 855 923 945 960 
22 34 86 134 288 403 418 487 533 733 844 959 973 994 
8 49 51 85 99 106 109 124 130 146 176 377 405 478 490 507 553 579 587 624 635 756 832 909 972 
1 12 57 74 215 318 342 366 416 472 486 533 588 624 651 723 743 798 837 973 985 
7 32 211 252 263 314 316 383 452 492 562 576 613 662 685 702 709 737 757 819 834 861 881 883 888 895 939 984 
34 63 97 210 270 271 295 383 417 539 634 701 729 770 812 815 847 929 983 
44 124 139 191 244 253 289 360 393 546 628 673 777 807 813 873 879 998 
95 109 171 177 240 288 327 362 400 436 439 456 513 529 575 637 707 761 850 885 938 980 
17 35 207 216 255 319 341 462 494 502 520 533 582 584 623 660 666 737 842 860 912 920 969 979 
15 43 135 225 257 273 298 444 470 535 542 607 642 678 742 811 895 947 993 
147 174 294 381 450 455 522 549 551 650 670 685 707 716 717 744 894 923 945 
2 61 87 119 200 201 223 233 259 288 410 479 625 628 637 850 852 875 884 905 934 958 975 990 
0 76 108 186 219 246 248 430 476 531 639 649 671 758 
41 66 150 179 234 282 324 344 479 486 519 572 576 663 671 711 798 848 935 944 967 
25 28 82 102 148 214 221 259 260 281 302 344 354 401 701 720 754 756 759 829 875 892 934 
25 38 71 74 118 161 404 419 450 453 586 613 615 622 690 721 725 770 793 805 809 836 837 848 893 948 976 982 
87 195 383 438 503 555 580 590 605 630 666 686 689 705 717 726 746 821 848 850 893 937 963 
25 90 179 257 294 319 343 413 432 533 600 648 662 735 737 762 795 838 865 904 924 978 999 
33 64 138 142 180 183 212 221 243 305 312 326 338 340 359 378 387 457 463 467 480 510 519 573 586 605 681 732 782 807 826 957 
60 65 94 242 275 279 282 374 558 619 708 737 857 906 
35 58 80 161 219 414 471 475 510 553 629 643 646 716 881 903 915 967 
18 76 130 347 369 396 398 440 479 564 583 595 698 699 702 859 899 997 
9 45 60 62 87 127 214 230 251 269 270 448 569 583 597 624 641 666 696 761 793 912 
20 69 114 119 369 480 549 585 603 704 747 748 754 816 824 833 994 
30 63 69 90 145 202 251 327 358 415 500 523 529 635 661 680 868 879 919 936 
54 111 202 228 290 298 301 332 352 399 427 465 487 560 587 589 693 704 742 763 824 830 873 925 950 973 
14 125 238 240 256 302 312 387 529 616 686 765 779 845 906 948 972 
2 53 72 142 144 203 204 209 281 380 463 600 651 669 764 785 800 807 823 847 
8 9 33 34 46 93 132 170 182 185 252 276 284 295 301 325 416 458 484 583 722 749 751 895 931 954 999 
18 29 148 356 459 473 478 554 625 656 707 760 804 820 821 925 933 940 
68 95 113 127 189 213 231 305 409 424 467 501 509 587 605 732 755 777 845 871 886 894 900 908 931 994 
131 167 168 177 199 208 264 397 432 483 543 582 640 664 730 785 803 821 831 935 
19 41 83 142 165 205 331 359 406 407 584 593 657 685 786 796 828 839 887 917 
65 80 84 101 172 180 293 321 427 526 560 608 646 684 768 821 824 
47 70 101 138 180 209 231 232 293 363 376 415 502 562 670 770 806 852 987 
0 10 39 70 165 174 245 275 294 328 462 509 572 593 596 647 743 746 754 827 
144 196 235 257 299 324 438 508 591 651 670 706 734 762 782 858 906 933 980 982 991 
43 111 257 303 337 376 397 577 644 658 737 754 775 790 900 904 914 928 965 982 
0 32 97 105 176 182 185 229 248 313 383 447 616 675 707 798 827 860 879 915 964 986 
19 50 121 202 229 231 246 507 612 621 633 648 696 703 716 777 778 783 797 900 941 946 997 
93 131 232 264 343 379 387 426 437 539 603 679 698 709 712 740 741 803 934 952 959 
56 286 294 298 308 359 468 506 541 580 613 744 754 791 806 822 939 941 982 983 
37 147 193 197 335 363 426 514 665 705 742 783 
97 101 123 131 259 292 372 425 442 456 497 530 533 607 626 645 669 708 719 774 782 810 812 857 905 916 984 
35 64 71 78 135 219 253 287 296 320 341 343 349 370 409 468 504 517 531 552 727 824 981 
115 126 140 303 304 359 390 404 517 595 601 776 781 793 845 911 940 963 967 982 
148 226 248 281 316 317 417 460 471 506 599 653 662 664 706 710 802 855 963 972 
1 112 126 146 185 187 191 356 378 497 559 587 635 729 844 965 
10 51 237 252 352 376 481 489 568 594 652 701 850 882 902 
9 17 82 98 157 190 289 338 389 446 460 472 479 532 575 700 715 738 804 843 887 
105 171 191 267 431 456 462 503 525 549 568 579 581 637 697 707 719 726 809 944 
17 62 427 439 539 590 614 618 634 669 837 850 896 997 
29 63 100 169 307 391 570 684 704 726 743 748 770 823 899 918 
117 145 193 207 321 333 450 460 535 619 623 680 720 761 872 999 
31 92 93 137 147 250 324 445 478 494 504 610 679 701 732 742 881 965 967 976 983 997 
18 88 112 248 303 323 338 349 351 372 399 401 436 446 470 480 483 504 727 736 749 757 863 
195 308 329 388 437 470 478 486 494 510 570 655 681 700 777 787 868 917 920 937 968 982 988 
59 64 86 158 214 301 355 402 417 463 517 635 657 684 810 905 917 930 
66 168 310 533 620 718 724 792 816 842 854 866 884 892 941 
35 38 136 152 218 237 243 349 556 591 623 760 788 880 887 891 912 931 994 
20 66 94 197 286 338 363 398 440 446 506 533 535 554 601 719 760 781 820 923 989 
12 72 123 143 151 166 176 380 393 441 533 633 689 726 779 800 839 864 916 956 972 973 
28 46 64 122 151 188 245 259 280 325 384 395 428 466 479 484 502 551 645 726 737 766 829 844 
36 74 133 177 179 196 201 220 256 290 332 409 511 576 746 875 884 902 922 
77 157 225 290 358 374 395 411 427 557 599 691 703 752 775 920 965 968 
10 21 26 102 131 237 280 348 407 514 526 549 579 697 768 778 846 908 951 
167 172 213 228 261 311 343 368 369 371 465 514 526 591 608 743 845 874 993 
55 154 179 225 232 311 434 461 526 604 621 661 726 745 793 797 916 999 
59 81 126 153 155 346 355 366 428 464 545 568 605 629 650 781 957 974 
80 112 223 249 399 400 408 642 779 792 793 918 964 984 
29 35 66 77 78 114 132 234 314 326 406 508 710 724 760 803 804 817 883 946 
20 33 164 360 372 382 432 455 463 470 481 509 511 540 544 546 553 582 586 593 632 666 669 694 717 865 872 924 942 
102 186 190 216 218 238 313 424 435 455 555 615 654 787 841 885 959 983 986 
33 37 80 115 116 153 185 293 308 368 382 424 474 544 621 654 674 702 795 802 858 881 889 994 
178 206 234 250 318 322 385 554 559 581 647 735 841 846 858 875 974 
110 225 229 245 271 343 360 484 517 697 726 727 764 808 827 831 871 888 895 
4 40 41 96 106 107 150 187 208 220 257 266 311 318 371 545 566 578 757 791 817 830 939 952 
104 123 316 340 386 400 426 516 558 583 588 818 
24 32 83 103 176 196 214 218 226 231 275 356 509 606 683 715 751 776 777 950 962 980 
19 106 206 214 231 362 425 494 552 589 676 734 737 773 792 865 879 884 925 979 
13 187 222 249 251 305 360 403 408 412 476 659 691 730 734 842 929 982 999 
2 36 54 70 163 182 239 304 366 384 424 439 490 518 527 642 658 832 844 859 942 997 
5 69 102 171 193 248 429 431 481 519 614 672 687 884 909 952 989 
20 103 158 190 321 443 484 507 561 583 621 653 682 785 807 826 888 901 
41 60 165 184 196 216 252 267 280 307 328 399 401 487 567 710 720 890 936 
9 41 46 114 157 185 197 215 218 313 415 485 506 663 688 747 764 804 862 873 900 902 907 933 973 
21 46 78 90 98 149 173 219 243 264 324 369 406 610 614 634 637 674 700 701 742 807 935 942 970 
21 30 111 213 218 224 243 277 345 570 613 819 856 919 958 
6 24 199 292 320 493 505 516 698 735 745 854 887 945 967 
82 182 335 466 537 621 639 681 695 708 719 742 764 822 869 916 935 
6 9 52 70 98 117 122 193 315 323 334 488 542 576 610 668 681 735 756 760 766 941 998 
15 89 112 124 129 225 332 391 435 505 564 565 568 655 743 832 844 854 862 932 967 
166 176 227 230 282 297 332 342 457 481 509 537 547 594 606 612 813 821 824 992 
149 193 224 266 306 461 472 474 510 621 685 696 764 873 991 
17 91 263 348 378 419 466 507 546 548 572 623 675 788 912 
409 433 500 548 681 740 781 833 839 846 935 
13 29 57 81 114 238 379 419 443 444 477 509 517 579 587 629 708 720 851 974 982 999 
25 144 160 260 264 267 315 353 376 382 412 434 444 516 533 554 642 646 660 885 
10 27 72 158 212 336 449 465 573 585 600 629 701 728 778 824 836 949 
32 45 62 132 163 182 196 212 241 277 311 338 340 342 405 440 462 469 583 599 628 640 713 802 844 943 966 
11 36 108 156 157 290 298 366 409 463 526 584 599 718 765 800 830 942 
26 98 109 136 258 276 325 336 348 355 364 390 641 651 664 690 726 758 804 816 825 863 
20 25 41 51 53 54 313 317 368 446 459 507 684 686 702 723 801 835 856 888 908 984 
79 161 364 384 391 452 460 504 673 854 862 875 919 
0 15 117 128 251 304 351 366 524 599 632 640 726 877 878 885 
23 96 161 177 309 411 425 446 612 887 895 981 992 
49 132 137 194 272 365 432 445 577 585 589 593 625 630 634 651 671 722 737 
26 78 90 115 254 288 323 458 550 557 582 609 611 631 698 699 754 890 895 917 957 
47 74 76 79 80 85 128 163 402 453 525 659 674 709 715 807 944 
14 45 79 86 200 222 230 233 371 431 473 514 520 537 610 634 667 669 678 723 801 818 878 879 970 996 
22 40 136 217 277 312 418 477 484 516 611 622 656 
30 138 195 336 342 397 456 531 541 575 608 712 766 771 889 907 989 
26 100 162 170 254 263 270 285 296 298 428 465 506 521 522 573 651 676 686 778 831 844 873 985 
1 3 46 55 310 372 496 508 615 629 742 800 809 812 957 
10 65 167 169 207 523 578 753 764 924 945 959 979 983 995 
74 77 125 172 181 196 217 447 612 754 873 889 921 930 954 961 968 
35 66 71 108 135 137 143 148 194 195 203 210 283 291 402 403 565 571 592 599 627 628 673 687 692 705 778 852 942 
25 40 68 74 104 115 255 284 334 481 677 686 738 768 867 
59 74 345 346 349 368 375 454 507 517 541 609 622 660 718 817 878 939 962 
4 15 38 157 170 182 221 256 281 298 309 368 454 498 533 553 684 692 717 718 720 768 788 902 984 
22 80 94 117 133 160 178 299 318 388 410 493 565 640 684 720 723 732 805 815 883 910 992 
23 43 74 89 95 182 276 372 424 448 502 549 611 614 706 707 761 810 897 948 952 
34 65 91 133 137 223 328 452 457 477 538 544 605 607 632 672 681 745 747 786 
161 284 333 335 445 447 572 654 661 705 742 812 883 895 899 919 970 
43 69 90 101 161 181 198 261 279 297 349 372 584 586 597 616 905 967 971 
10 15 38 44 86 118 250 286 410 427 452 453 455 457 479 535 560 569 689 710 746 764 770 808 852 872 888 905 932 934 945 
66 114 201 240 249 313 328 434 613 676 766 972 
73 112 156 211 355 368 395 564 871 898 901 911 935 989 
37 39 107 110 141 153 241 295 303 335 366 418 511 633 725 960 
1 36 174 257 277 299 397 407 412 448 449 459 487 558 565 585 680 710 746 803 811 851 897 
95 97 107 128 140 284 311 313 319 336 350 549 562 581 690 746 780 849 
15 144 171 350 357 375 378 472 623 741 768 770 805 852 884 885 894 965 
15 27 115 147 152 168 189 262 341 424 430 469 505 521 527 631 724 770 773 808 818 868 905 969 993 995 
32 34 44 62 70 222 232 248 311 413 430 462 472 506 553 561 684 
23 56 101 144 159 199 208 240 397 471 581 646 652 680 692 705 741 781 815 834 869 875 902 904 922 983 
30 52 191 198 246 279 321 503 508 547 674 721 731 822 877 882 917 952 960 969 975 
38 47 165 235 279 294 325 384 557 568 628 647 708 776 818 885 960 
3 38 267 306 351 413 480 502 507 535 648 695 723 815 833 836 852 869 966 
45 96 173 176 251 283 365 561 576 595 605 638 664 696 707 751 812 972 
31 50 81 169 178 192 200 267 380 395 406 408 449 495 501 577 657 687 712 864 
1 17 57 84 86 88 205 242 264 274 529 580 607 645 768 829 888 949 
31 51 96 125 164 191 193 242 297 308 401 448 452 572 586 622 625 755 796 872 878 916 929 976 978 989 
6 176 179 180 238 263 310 335 364 367 381 429 441 525 536 549 562 564 604 787 952 985 
24 86 143 163 234 282 313 325 347 371 388 415 417 484 491 539 547 558 603 658 713 792 847 861 869 
88 119 162 232 279 302 316 352 359 439 512 520 535 701 720 762 771 800 902 911 970 
57 122 203 217 231 248 280 345 403 404 443 492 506 697 733 877 974 975 
32 40 57 408 473 482 499 546 615 667 790 859 903 910 955 
58 101 126 166 202 216 232 273 355 371 393 528 533 557 578 860 957 963 977 
39 66 68 112 128 132 198 388 413 457 474 613 622 848 871 935 958 
27 34 61 63 113 133 258 373 407 440 447 463 503 523 542 547 601 602 615 643 657 703 717 752 759 763 812 927 955 956 982 987 
67 135 163 230 240 241 290 419 435 488 505 511 522 576 595 691 717 800 804 905 944 
111 171 328 340 405 430 464 577 601 701 707 730 763 837 898 911 981 
24 46 61 171 305 374 460 508 512 744 790 837 
39 71 99 106 211 298 414 554 557 575 664 702 724 779 856 911 916 923 929 968 
12 27 93 142 146 170 223 254 313 316 416 615 640 748 766 783 789 918 934 
121 153 179 180 219 377 383 393 458 471 534 603 616 642 682 754 760 772 913 921 953 989 
95 221 239 248 340 418 436 500 530 552 589 596 623 744 780 790 809 859 943 
12 45 57 69 84 108 178 181 214 221 237 244 279 343 384 443 462 465 566 623 630 638 689 710 711 770 872 954 963 
8 37 47 196 319 658 686 755 794 818 900 941 961 964 967 973 976 983 984 985 
13 44 63 67 215 297 350 384 403 452 490 536 540 580 626 658 665 688 725 749 804 818 908 914 
95 111 134 169 177 257 377 464 543 579 701 740 831 
109 141 203 276 292 302 374 402 516 657 814 834 858 870 891 915 935 976 996 
14 84 102 188 258 278 372 392 462 472 535 586 637 678 765 784 851 996 
18 36 100 121 154 214 250 294 338 364 373 374 413 436 442 558 575 599 641 665 678 718 722 818 909 928 
40 41 67 72 192 201 211 239 295 320 349 381 433 434 443 539 557 638 740 744 750 764 842 886 971 
32 41 44 103 154 169 268 356 579 590 623 641 668 672 972 
60 83 160 233 293 377 410 442 482 534 610 634 677 719 757 782 783 785 789 905 906 935 941 992 
43 93 164 392 412 585 632 770 799 914 919 927 
46 166 195 270 388 432 553 555 604 622 688 747 823 836 843 847 878 891 
60 276 423 461 500 561 608 613 663 677 721 747 749 803 858 
74 86 160 194 196 252 257 363 384 398 426 431 448 501 554 566 689 852 976 
154 189 275 314 315 448 513 563 575 579 590 705 715 765 770 787 830 892 
10 197 237 254 312 345 431 486 487 525 578 588 627 715 799 896 915 936 979 982 
1 37 88 146 287 310 317 393 429 447 516 592 608 720 758 803 877 891 944 998 
100 173 193 234 351 395 445 515 625 662 678 697 722 777 786 812 891 894 911 933 940 984 992 
14 42 65 69 74 144 172 200 251 303 317 412 426 432 439 496 514 569 580 613 639 640 651 716 737 743 845 860 920 967 
41 370 404 405 491 563 569 671 798 804 819 895 920 
8 43 53 186 203 270 345 358 392 407 494 535 641 657 757 778 813 865 911 914 
64 81 102 115 237 254 270 378 476 480 558 564 571 618 668 676 703 724 741 744 777 790 827 874 967 
10 49 53 72 310 342 364 390 393 408 413 473 598 664 733 841 975 
11 134 141 178 188 219 276 282 320 376 465 739 868 883 965 978 
3 40 55 78 99 132 159 161 309 326 380 393 427 528 578 586 588 630 706 771 813 866 911 
29 88 273 435 448 457 503 583 628 647 652 750 772 876 922 999 
26 75 107 121 228 246 277 289 308 326 331 425 489 513 604 616 617 642 711 729 754 765 814 861 918 976 
56 94 180 231 251 271 308 331 389 504 528 578 599 601 622 799 808 859 981 998 
64 131 147 232 235 249 252 304 357 396 413 489 492 515 517 556 563 636 699 873 895 906 962 
54 83 107 122 154 176 221 321 332 337 388 395 415 417 418 440 494 540 605 743 826 897 977 983 997 
33 60 79 227 338 339 345 381 391 554 622 670 675 678 739 931 
34 39 46 98 112 129 133 218 256 325 337 393 402 485 810 817 843 862 908 932 934 
73 146 195 219 227 246 249 390 425 437 520 647 754 866 
31 61 145 311 317 322 429 522 622 660 694 719 821 859 996 
3 6 84 136 164 238 306 310 321 324 369 549 553 593 598 641 681 713 797 913 945 
3 19 67 123 132 174 185 266 267 326 347 413 462 466 513 557 595 639 698 755 853 863 944 
28 59 232 237 367 373 377 390 416 437 442 445 499 529 618 637 730 787 830 850 885 907 939 979 
18 49 59 92 104 116 147 217 440 486 492 558 625 661 674 675 679 703 743 974 
47 91 100 126 129 133 195 210 303 330 372 538 684 725 842 862 885 892 903 944 957 970 972 
20 64 71 76 132 147 201 212 250 258 348 370 442 456 464 470 529 535 545 561 592 601 673 718 754 791 848 859 872 890 951 
34 69 94 147 220 273 278 377 454 536 598 880 938 
0 6 30 64 122 140 219 280 355 361 431 473 531 602 610 638 644 680 715 733 747 831 851 853 
60 94 134 342 353 356 364 371 422 480 485 528 569 657 670 728 732 756 793 853 856 
12 25 93 111 157 205 227 259 274 280 311 394 577 622 623 700 809 839 966 
128 159 311 314 352 389 394 414 456 491 530 539 568 610 632 653 686 694 730 807 870 882 
51 208 253 273 306 333 356 431 459 471 530 536 545 596 597 609 719 779 787 903 936 
16 50 127 165 202 223 276 349 452 463 494 509 517 599 608 680 692 708 714 717 719 746 748 759 
10 19 28 32 112 122 123 216 220 228 229 268 294 319 380 403 435 539 553 593 649 817 870 908 959 
7 104 110 130 190 225 458 470 545 629 635 693 694 750 996 
35 58 96 196 229 324 341 404 435 504 523 585 620 644 724 757 854 910 950 
9 80 81 130 171 181 249 315 318 364 391 518 536 575 577 593 641 688 721 809 814 857 863 969 
139 146 170 182 282 283 292 298 306 315 387 463 476 483 526 528 577 629 654 683 755 759 866 909 913 937 
20 59 110 118 209 243 415 476 534 540 603 608 613 691 790 826 887 924 
10 19 36 67 83 194 292 348 359 373 382 392 426 437 533 537 684 745 755 812 895 946 955 
34 103 123 199 262 280 443 479 537 556 588 625 683 699 741 773 794 940 
48 177 193 231 259 385 386 458 492 539 554 565 602 609 695 771 790 817 934 965 
8 15 24 111 137 143 403 470 506 509 530 582 587 655 663 675 749 757 771 843 926 932 994 
3 34 80 93 122 146 204 214 226 315 419 448 579 714 768 788 875 890 922 925 975 976 
5 13 17 31 50 144 196 243 290 312 315 356 459 464 531 535 571 586 587 607 784 845 873 917 987 
206 236 292 338 552 577 582 630 774 869 873 879 936 944 970 991 
79 108 131 142 186 221 226 245 280 333 339 368 388 422 530 778 871 909 965 966 
11 52 133 247 279 298 323 337 492 577 659 694 699 724 843 980 
31 52 75 97 107 122 271 289 309 382 530 578 658 
17 24 69 114 129 224 242 257 332 354 366 430 444 523 556 557 588 589 629 675 696 758 794 812 821 828 836 904 915 983 
14 55 57 109 144 186 188 203 229 268 324 339 400 431 446 470 478 516 524 575 576 628 664 674 794 884 899 907 
38 40 173 178 194 195 215 287 316 422 484 526 543 567 603 723 730 746 771 787 802 881 888 986 998 
7 118 145 200 209 292 307 322 501 562 606 647 676 792 799 822 970 
27 45 65 69 176 247 307 315 335 351 396 564 606 665 681 745 755 861 874 935 946 
225 250 309 346 430 433 464 482 499 509 565 581 617 903 922 931 943 
28 41 115 136 279 331 354 368 374 386 392 426 481 494 498 509 606 663 701 712 718 764 768 785 791 840 845 
33 68 81 132 163 239 251 373 419 443 489 500 542 569 593 630 699 752 778 
13 126 167 182 186 188 221 247 260 300 395 398 406 434 556 666 693 694 702 758 764 839 842 870 873 936 937 942 957 967 
78 107 183 275 339 468 483 591 596 719 800 835 896 905 947 
19 37 71 82 107 199 306 340 412 426 449 475 590 601 662 685 697 878 979 
10 75 217 218 360 373 376 405 415 459 462 504 516 530 532 629 674 692 709 741 833 845 851 885 889 924 966 967 970 971 
26 59 86 146 187 216 218 228 236 244 348 363 369 456 478 479 522 618 639 753 763 808 824 889 922 
35 343 413 418 461 481 493 500 544 562 600 609 637 852 882 932 962 
6 57 83 129 252 260 359 421 438 444 508 625 704 725 898 917 918 954 983 
136 179 189 226 237 292 294 303 322 343 506 581 628 630 655 762 807 859 864 898 974 
61 70 157 178 317 439 446 496 511 551 595 598 601 624 626 660 730 819 
29 227 284 295 375 456 458 485 487 537 599 632 636 652 756 796 843 896 906 986 993 
4 150 262 279 369 510 548 570 631 721 745 915 929 941 974 981 
0 2 61 136 170 378 382 430 469 472 516 531 534 634 639 707 732 755 774 897 984 
14 40 57 89 105 114 148 256 369 413 414 445 506 516 536 561 600 638 664 985 
46 74 86 147 167 168 191 239 258 295 428 439 503 526 547 598 644 669 689 734 735 776 801 835 882 886 929 943 974 991 
66 197 284 361 601 672 684 715 743 816 833 874 928 935 943 
70 135 169 183 218 266 274 276 280 329 522 528 537 641 646 918 933 960 996 
14 19 26 32 46 48 107 152 172 240 250 371 391 414 482 573 594 646 655 684 713 729 734 761 804 898 899 934 
86 100 143 219 260 390 417 427 633 705 718 759 771 791 804 828 942 959 
2 61 126 182 222 240 250 289 298 303 349 411 423 488 492 518 547 608 635 645 659 709 737 822 872 876 954 961 989 996 
0 10 12 125 191 254 320 355 358 411 450 513 555 581 611 737 782 833 885 896 932 981 
23 34 59 102 143 206 286 299 305 396 413 424 464 505 548 557 599 662 744 793 812 839 841 871 992 996 
74 104 124 163 261 265 325 427 454 456 503 575 582 595 637 666 728 783 848 909 920 958 
51 56 146 219 240 266 306 314 346 349 422 426 490 509 561 571 650 662 706 712 812 854 917 976 
33 41 63 68 211 289 331 390 457 460 464 474 571 720 749 817 824 858 959 967 
37 71 95 103 104 107 153 156 163 278 345 484 542 672 673 698 729 788 824 943 957 
11 70 71 107 214 358 367 384 392 437 446 479 545 585 587 607 717 788 809 936 
1 16 17 51 64 107 197 200 208 220 231 287 338 339 353 505 526 538 548 566 613 623 625 665 754 804 864 880 881 960 
59 176 236 325 400 414 416 470 568 612 636 662 697 705 770 810 834 
97 131 196 236 269 278 290 304 306 350 373 380 382 403 426 444 456 501 523 577 581 587 594 614 702 735 760 771 795 866 884 898 901 908 
17 135 312 396 430 484 501 516 519 569 738 746 755 791 837 840 979 
40 53 73 78 89 153 180 262 384 428 555 628 670 721 781 801 806 877 
71 93 124 128 215 221 234 244 267 289 366 386 387 466 474 511 642 654 691 878 893 941 986 
40 60 64 75 134 264 413 430 443 446 485 571 600 603 612 
81 94 109 193 256 273 282 284 345 353 369 586 594 654 658 689 726 826 866 916 928 
3 72 88 126 217 235 291 306 327 367 398 593 650 671 736 845 906 915 934 976 985 
40 120 172 206 383 471 481 681 703 722 757 859 972 
4 14 19 79 126 222 297 339 524 670 851 900 
9 158 168 209 253 276 308 359 399 408 410 443 511 528 536 625 650 662 698 811 879 987 998 
12 65 164 273 276 354 484 571 587 618 640 685 686 748 882 901 954 
102 165 242 257 260 283 301 399 467 491 601 621 679 802 905 914 
18 46 68 199 448 483 503 573 683 704 724 740 856 861 995 
16 46 60 149 248 310 355 411 539 546 605 692 695 710 737 747 750 798 827 830 851 885 901 933 940 
102 124 191 211 239 249 304 319 347 359 437 483 502 569 611 646 690 709 733 770 786 839 844 849 946 
66 195 240 249 344 373 382 385 388 405 477 480 640 668 673 723 770 837 978 992 
54 109 119 124 143 194 195 218 347 394 423 577 610 636 744 757 899 922 999 
42 56 69 212 223 244 264 278 401 437 471 621 631 663 688 822 830 879 896 940 950 
4 98 141 261 433 471 486 543 613 628 658 696 732 748 768 792 832 849 893 967 
133 216 285 315 328 370 386 433 440 451 538 636 662 718 725 786 847 884 920 922 971 973 
43 105 120 245 248 258 322 346 353 400 520 592 595 724 762 810 839 893 969 979 
2 113 147 179 255 283 343 353 384 399 496 499 540 575 683 747 763 779 786 872 
7 13 29 31 104 264 275 351 435 464 490 493 509 601 624 638 677 747 867 890 899 916 
121 155 256 307 495 560 626 682 711 756 782 834 866 873 
10 19 38 86 103 113 161 167 196 208 233 264 383 420 466 497 624 775 781 787 854 907 957 977 
149 186 193 279 438 491 505 652 718 747 764 879 950 965 
41 74 170 250 272 380 394 441 459 518 525 559 562 654 755 814 815 871 914 961 
18 75 119 123 160 166 175 180 181 232 321 402 445 665 699 761 833 840 855 955 956 
40 90 108 170 313 396 434 458 532 558 564 573 647 661 682 692 693 706 862 895 991 
15 140 196 227 314 356 526 548 746 814 836 893 927 930 944 950 
40 117 160 194 217 272 322 374 483 498 575 632 654 759 766 853 903 931 979 
31 42 71 95 284 338 414 477 577 616 656 671 681 688 793 868 891 940 
24 57 78 92 254 419 429 440 449 479 520 546 566 757 786 842 
47 69 154 168 226 310 370 465 529 578 672 680 722 730 780 823 958 
9 98 110 115 228 261 371 423 512 590 646 683 699 758 761 771 853 860 910 925 932 959 
112 148 196 219 226 238 292 364 376 407 441 452 521 636 683 691 702 784 891 900 935 969 
117 189 207 254 334 443 545 629 643 694 749 754 775 782 783 914 915 969 987 
36 38 62 90 147 205 216 225 322 564 662 713 721 817 842 910 927 958 959 
20 46 67 93 131 244 291 301 332 352 375 609 626 715 791 837 840 
224 312 337 350 375 452 521 525 551 637 681 742 790 793 798 810 814 837 898 975 997 
21 76 179 184 188 232 389 520 592 697 703 736 745 757 818 909 
78 221 337 343 349 402 576 616 636 643 724 800 811 829 861 931 936 986 
48 382 488 596 639 640 665 691 751 759 762 780 838 950 957 
114 144 244 262 375 397 411 452 562 595 660 673 697 706 711 751 833 898 913 918 
46 81 86 162 315 452 471 546 837 863 979 
10 31 144 147 183 215 243 323 336 367 416 482 490 544 553 570 573 625 643 678 689 786 787 841 845 887 921 972 
64 216 243 245 291 305 337 350 366 398 417 444 446 477 508 515 529 546 567 597 623 667 702 718 842 844 849 881 887 915 930 962 
38 101 123 124 193 299 374 542 612 632 643 646 773 802 806 838 
17 101 119 506 594 692 727 792 841 
23 60 105 112 219 232 260 341 356 368 414 418 461 482 599 636 678 710 717 718 897 948 966 
10 16 47 95 124 148 149 184 194 206 235 376 395 562 601 604 619 629 708 724 768 809 841 842 862 868 925 952 990 
68 91 99 145 190 281 327 354 356 400 449 464 495 524 529 537 555 557 574 612 748 754 761 782 875 931 941 
55 110 134 162 165 186 219 222 245 280 300 328 333 344 502 568 603 652 670 764 771 782 827 850 886 899 902 946 956 988 
12 34 69 123 134 208 273 276 340 367 369 411 433 494 496 556 663 707 773 782 793 794 823 832 893 903 925 982 
32 226 257 342 420 462 497 575 648 714 749 758 778 806 810 831 857 868 900 903 931 965 991 
23 31 98 121 141 155 174 185 195 235 280 351 440 467 469 677 736 909 
62 79 124 198 268 321 411 608 699 733 801 896 901 985 
17 132 178 182 240 249 277 292 427 439 518 597 615 656 725 835 862 
8 15 55 100 113 142 196 201 240 277 339 362 410 586 636 762 774 843 856 889 
42 43 48 79 97 102 111 144 183 283 497 502 563 567 616 637 670 764 857 863 908 921 933 956 966 
52 55 177 178 205 207 252 269 361 586 589 593 714 850 869 896 
23 37 81 92 176 201 203 261 373 537 594 605 607 630 657 659 715 868 931 
7 45 98 134 186 211 230 251 380 396 413 414 417 456 531 635 650 701 738 746 753 910 918 932 969 
6 125 170 205 225 241 273 280 321 355 378 430 553 632 668 669 709 761 826 831 875 891 964 984 
86 157 195 240 374 507 742 949 994 
8 15 213 269 322 381 394 405 458 522 526 536 543 604 615 624 655 664 723 724 736 810 857 877 
92 178 265 304 356 426 442 453 489 694 757 779 786 842 852 865 901 936 
200 319 320 331 462 556 557 588 615 867 948 962 
111 256 298 325 327 437 490 553 557 610 613 757 772 775 782 784 884 891 894 
97 135 245 287 438 569 594 602 609 655 662 680 687 725 780 826 900 
31 50 100 147 190 214 296 341 427 440 513 547 587 606 658 760 786 800 838 859 973 
2 48 53 65 68 94 108 143 290 354 409 417 428 445 465 557 596 607 629 645 652 782 912 929 980 
1 29 31 64 123 126 134 173 192 315 327 338 349 368 384 396 399 415 434 513 517 558 706 869 881 900 915 933 
72 147 370 381 399 470 488 526 542 627 691 762 823 893 909 
31 61 104 125 244 250 276 293 329 379 382 386 398 646 679 738 756 785 815 920 
2 75 173 266 267 335 350 356 401 583 623 656 666 762 864 971 
43 72 75 105 128 215 272 297 319 509 581 589 621 676 725 801 804 838 896 
46 113 174 241 264 278 331 398 411 419 442 446 455 478 482 541 576 597 601 608 742 767 843 891 974 990 996 
11 19 360 488 492 507 514 579 690 700 750 770 777 794 830 854 870 978 991 
8 24 132 223 231 348 365 388 448 485 563 613 672 682 749 759 808 944 946 
58 74 123 301 324 397 407 476 480 558 632 640 650 655 672 680 727 837 845 852 902 931 939 971 974 
30 154 163 164 193 263 273 287 295 310 318 389 461 469 513 596 648 811 855 867 912 978 
15 24 90 93 125 135 158 237 246 256 336 433 542 543 567 591 603 609 647 691 750 868 883 885 886 901 
148 420 470 479 491 495 497 512 532 573 673 708 729 806 876 891 896 955 956 967 
9 12 41 62 124 128 232 255 269 441 537 606 632 662 668 679 816 862 871 976 
43 55 64 74 106 111 128 197 257 283 505 560 678 681 755 836 838 852 957 
1 21 25 66 68 81 82 98 139 163 169 188 213 279 304 305 381 392 424 435 529 644 656 740 789 875 959 
24 47 77 81 125 220 264 285 319 441 460 602 630 698 718 867 902 932 947 
10 21 24 123 155 190 213 241 276 402 464 496 596 730 911 947 
69 129 150 210 284 292 404 427 447 673 790 797 837 928 954 982 999 
9 12 187 221 244 256 397 398 445 490 514 562 771 795 922 923 943 983 
19 131 265 384 419 430 594 692 719 721 847 865 942 989 
72 92 109 141 251 296 320 545 587 615 667 728 743 746 764 849 887 941 974 
48 175 204 213 270 281 286 291 312 357 374 462 574 644 661 788 850 
6 36 74 92 96 138 274 281 297 316 346 356 428 432 441 442 461 478 493 503 572 584 622 656 664 681 682 687 695 715 792 897 906 918 957 962 
18 148 153 170 179 232 255 428 534 571 631 638 689 696 778 874 905 912 946 962 
52 128 190 254 303 328 387 388 457 462 487 529 659 711 718 760 797 815 843 844 933 986 
20 56 110 251 351 399 450 455 483 515 568 658 700 740 863 881 906 939 940 981 
3 10 20 76 93 130 131 158 160 401 439 467 498 566 573 688 
137 266 307 358 364 373 404 445 572 664 803 817 818 834 
169 210 220 288 420 427 554 572 615 618 642 685 713 796 975 989 996 
16 93 98 138 174 226 236 245 261 291 314 330 331 402 512 566 630 659 728 749 766 933 979 993 
141 170 284 491 496 556 571 612 631 748 763 800 836 846 913 947 968 
54 235 241 285 302 307 383 391 409 454 459 469 536 563 565 571 676 736 760 826 829 859 936 971 980 
55 72 89 93 160 225 365 374 388 417 537 627 651 678 715 728 901 951 992 994 
17 118 130 153 224 264 391 447 484 584 588 695 740 745 767 854 875 913 952 977 
32 161 197 259 310 316 451 472 590 643 731 805 819 864 882 934 978 
27 33 82 117 144 146 161 180 189 240 264 294 382 392 411 519 570 616 648 686 753 820 846 867 931 954 962 
0 92 238 296 326 335 410 472 578 695 731 779 870 890 910 972 
70 164 292 301 314 334 400 486 493 496 505 528 578 808 829 838 938 940 966 988 989 
43 52 63 114 136 200 222 234 361 363 386 469 497 559 567 682 711 744 749 822 838 846 929 996 
42 107 114 173 271 280 281 345 359 363 408 417 493 548 572 596 712 773 780 
208 219 317 339 377 394 407 443 452 546 632 653 775 828 847 863 864 927 994 
55 132 149 193 208 240 261 264 365 516 523 635 662 721 730 751 801 869 907 927 
205 247 329 368 425 478 511 528 597 610 618 797 867 975 
125 167 243 276 326 336 391 479 499 562 572 614 626 649 665 701 712 798 887 919 975 
112 158 161 200 201 272 324 480 629 635 691 701 733 799 840 850 941 
16 26 92 113 145 198 279 291 406 412 444 555 557 590 606 611 616 654 658 680 705 
6 171 212 213 219 278 366 385 397 432 454 513 552 571 606 720 752 764 807 824 857 884 886 920 
5 8 85 127 145 151 175 239 252 267 294 296 367 427 428 446 531 558 575 591 605 689 794 844 957 971 992 
9 66 78 129 141 151 240 267 302 341 350 439 467 563 693 699 728 868 952 
35 119 208 226 258 261 326 334 370 425 446 501 583 644 723 765 816 859 957 995 
39 40 120 163 262 281 289 387 406 425 431 460 464 542 546 587 628 640 717 738 815 834 880 965 
21 25 145 192 219 255 272 284 291 359 507 565 579 599 627 637 685 692 702 791 795 846 871 966 
6 62 171 172 174 179 210 301 373 413 414 684 718 735 743 847 881 967 977 981 
8 10 115 215 244 258 282 365 371 373 498 597 624 626 647 691 870 884 956 999 
97 212 249 335 362 380 393 394 432 488 512 636 686 693 998 
97 143 239 274 355 402 446 514 518 536 591 634 725 845 879 978 
35 142 166 486 584 638 691 716 869 875 877 880 
28 72 89 180 248 366 426 429 441 525 553 562 601 634 659 668 690 727 769 782 794 804 916 948 996 
52 66 111 191 208 283 302 323 472 545 553 622 664 734 749 755 808 811 825 866 
72 79 139 199 282 354 515 645 744 787 839 946 973 985 
29 38 44 70 77 152 192 239 271 428 455 561 586 623 694 703 720 722 723 748 750 877 901 922 934 
80 142 176 266 295 352 424 435 442 480 498 524 538 571 577 616 642 673 728 746 773 810 857 874 884 
11 49 115 337 338 364 386 413 415 508 535 537 557 605 607 611 629 719 758 773 775 777 812 880 926 
32 84 152 243 269 303 304 331 345 369 376 491 647 752 829 872 902 
76 78 127 130 136 139 153 159 184 264 422 589 634 711 717 734 809 910 926 987 
8 108 117 181 290 300 386 389 423 454 499 547 589 623 640 644 867 893 941 942 979 
80 124 175 269 284 286 373 390 432 467 516 525 528 576 669 763 792 984 
146 202 221 241 260 302 408 424 508 515 541 802 829 831 859 869 910 927 
26 84 91 130 142 176 197 252 349 393 512 529 560 598 638 753 760 773 792 798 898 906 
36 74 107 158 206 229 246 263 322 469 514 549 726 753 755 825 895 949 986 
0 40 75 87 139 241 396 468 600 639 647 686 733 799 892 919 921 942 967 
0 13 78 95 100 111 144 168 277 479 541 586 620 690 888 906 914 919 965 
61 140 152 163 209 244 266 325 332 383 477 607 638 650 664 666 765 778 966 970 
85 102 123 163 186 201 287 324 327 329 403 448 590 723 822 938 954 997 
101 139 236 263 265 294 315 361 464 479 528 635 821 902 939 986 995 
23 104 132 252 270 378 423 467 691 713 741 769 831 832 861 870 871 916 957 970 
44 59 119 130 136 247 270 291 335 343 535 549 587 631 634 641 711 831 943 
71 100 129 155 220 260 494 514 515 554 576 631 694 713 741 795 843 
64 75 88 138 179 216 321 324 361 413 524 550 737 784 869 872 914 
35 61 113 114 119 120 143 161 282 304 318 329 418 494 541 542 589 626 678 683 707 824 852 870 998 
3 12 102 157 194 290 397 422 428 473 486 509 635 659 678 699 703 805 818 920 954 974 
85 126 226 347 436 520 601 611 619 645 743 761 768 821 868 880 887 902 950 956 962 
19 66 101 162 285 334 410 425 457 504 551 589 699 750 767 815 906 919 933 988 
2 102 120 365 374 438 450 580 591 768 856 999 
6 11 42 128 133 337 393 414 495 505 560 623 655 699 714 718 766 779 892 910 920 940 983 995 
36 87 94 159 181 187 216 253 257 260 294 341 389 489 511 528 581 698 770 792 797 817 848 
10 21 40 57 60 141 382 385 395 411 413 544 624 666 732 756 795 825 894 947 
10 38 47 78 109 159 215 236 287 319 320 337 482 511 751 757 815 829 838 865 876 967 987 
76 175 177 325 361 380 427 435 590 654 675 692 758 821 855 985 
50 86 136 145 148 245 247 317 360 369 386 387 446 457 502 517 565 655 668 679 684 740 746 826 873 906 921 
9 45 195 222 224 266 344 420 428 456 467 468 478 485 549 557 671 716 717 740 822 849 866 924 943 979 
6 224 272 277 322 347 416 421 526 619 645 659 675 715 726 738 769 926 958 
41 80 106 110 281 319 322 438 530 600 753 845 859 975 991 
85 113 149 153 177 201 273 287 302 334 408 443 450 542 585 641 659 691 729 738 742 750 805 872 874 937 
20 25 61 90 115 144 145 151 194 257 261 265 284 394 395 400 473 502 570 631 745 750 766 826 862 883 
1 19 42 143 191 194 229 253 289 323 336 383 422 547 593 655 752 805 808 865 950 
62 66 166 182 201 266 444 461 495 506 605 613 631 650 689 693 697 762 779 814 830 907 992 
152 157 211 298 389 398 444 446 499 509 511 531 577 624 630 709 726 730 734 857 865 981 995 
13 41 66 69 76 129 150 191 193 203 244 251 262 263 376 400 410 423 446 532 550 566 580 641 708 736 801 806 852 872 914 968 985 
123 164 249 297 300 308 382 383 384 464 469 476 550 587 599 662 748 776 860 962 966 982 997 
8 10 159 161 166 216 228 265 351 416 517 560 591 737 782 801 864 906 939 981 
56 82 86 121 128 168 280 412 463 468 506 516 630 637 701 721 889 943 
33 124 128 141 154 173 181 249 307 340 372 411 440 530 564 582 633 678 696 708 739 757 780 882 887 969 996 
7 23 37 86 114 225 257 261 325 336 339 407 447 489 567 573 578 614 648 705 727 803 
189 251 263 322 359 428 447 455 466 481 505 592 608 628 659 663 747 791 824 906 926 939 957 992 998 
115 125 235 297 351 431 502 642 645 657 747 813 815 847 935 971 987 
20 36 40 72 168 172 248 249 252 286 388 514 545 635 690 726 760 820 824 902 942 946 965 
1 89 93 192 198 219 426 458 486 492 530 542 585 625 657 811 846 899 928 939 952 
50 190 233 260 345 348 353 474 490 566 605 629 662 900 912 916 931 994 
53 54 108 119 128 135 166 201 263 354 387 443 469 497 517 559 568 621 644 862 938 951 966 
11 67 86 90 158 165 210 223 280 372 388 400 449 454 571 637 659 675 741 825 895 937 998 
12 16 58 114 126 222 234 282 304 373 375 418 431 438 449 481 595 640 722 742 849 
17 133 220 231 326 399 404 450 469 503 538 547 571 572 573 620 683 752 776 795 814 882 908 929 972 
75 161 394 418 480 498 516 577 640 675 676 734 777 798 896 899 966 
19 30 81 101 109 194 233 301 412 466 493 495 510 547 611 629 643 659 697 764 768 839 955 999 
6 19 258 266 278 347 411 448 571 572 636 646 647 670 797 910 983 
48 133 149 156 168 171 220 292 298 318 597 672 887 980 
36 126 154 158 165 216 297 490 502 503 583 660 712 741 760 850 876 921 930 935 
111 210 211 213 306 321 337 532 666 741 770 795 879 886 899 934 961 963 
48 190 191 250 290 294 311 417 446 447 483 521 526 571 824 856 860 863 918 929 
64 76 103 163 176 228 230 239 260 442 479 596 600 620 681 696 770 856 878 921 
30 33 39 50 71 354 357 488 517 536 607 650 775 898 962 
30 94 99 154 159 164 262 285 294 335 364 433 554 570 586 589 597 686 728 754 766 807 842 910 926 
2 19 49 72 106 230 327 369 408 525 528 543 558 614 762 770 816 836 863 922 968 982 
97 120 207 395 416 433 468 486 550 707 780 799 815 856 912 
16 33 75 148 160 184 310 336 371 381 477 586 593 616 644 681 797 836 857 974 985 990 
43 94 99 103 161 205 265 326 435 506 510 553 582 676 700 723 861 902 928 965 
33 44 50 87 224 296 361 421 465 593 627 652 846 939 
80 104 114 211 229 263 306 437 444 512 529 560 600 677 724 800 826 882 942 948 977 989 
49 140 164 228 274 335 336 393 442 465 514 535 549 554 594 602 608 722 763 770 777 789 797 803 823 827 837 942 992 
20 47 53 98 129 150 207 245 265 290 307 418 465 478 515 586 617 720 736 738 767 787 796 850 
36 56 262 671 773 898 989 
82 86 179 232 330 344 386 447 473 477 484 552 679 720 907 912 955 
19 34 106 144 160 255 257 290 292 368 449 499 503 544 549 618 752 793 943 980 998 999 
41 137 153 228 235 247 416 436 562 667 687 688 701 728 868 890 951 957 
48 77 90 148 154 168 169 193 203 217 237 303 358 397 416 454 502 520 546 610 630 798 800 805 823 912 956 972 978 
38 41 48 96 198 231 264 323 340 362 397 431 436 446 525 530 563 705 941 963 995 
51 54 151 166 220 281 299 319 334 345 347 351 354 378 405 407 429 435 446 509 518 619 649 702 750 848 876 879 925 929 930 
50 217 260 297 450 461 494 497 568 596 635 675 693 734 756 842 952 988 
14 29 93 114 128 156 187 396 486 490 501 536 558 576 610 691 735 779 791 873 903 
39 49 73 123 246 252 255 260 286 315 394 482 618 659 668 760 767 779 804 820 823 889 944 945 
127 131 152 174 231 390 409 427 451 491 509 551 560 679 691 735 741 744 750 835 954 
79 148 191 195 271 293 324 424 469 476 626 665 899 921 967 
21 36 49 63 134 164 189 266 351 398 429 450 667 672 762 802 823 888 924 
203 235 255 296 300 325 510 540 680 694 738 819 980 
14 64 202 210 284 558 585 599 606 867 962 
47 217 245 497 528 563 618 643 663 793 799 823 832 
33 77 96 112 178 252 307 321 533 568 630 681 706 754 934 992 
28 94 108 131 212 289 313 337 338 462 536 575 649 650 731 754 794 
58 315 323 348 462 488 506 589 594 739 742 800 825 839 855 862 893 929 986 992 
111 120 137 139 148 149 186 226 228 251 258 311 376 394 454 492 514 552 565 567 577 579 664 698 764 822 848 898 973 
16 18 56 89 97 167 264 265 284 354 361 387 397 437 438 474 495 502 537 592 625 719 828 896 989 
58 196 202 220 418 422 507 522 596 618 623 751 759 765 787 918 
5 20 73 169 195 287 293 356 393 442 457 517 668 703 729 743 830 888 905 
107 129 134 291 318 320 469 576 616 660 672 854 897 972 983 
47 116 128 150 250 313 353 373 440 516 548 585 595 611 703 723 727 771 816 827 904 950 951 966 
57 60 69 153 171 185 202 287 504 601 606 627 629 663 695 747 750 774 780 810 856 888 934 
140 253 295 308 398 565 569 629 725 759 842 936 984 
27 220 225 248 286 301 394 409 420 422 437 473 596 630 689 713 717 816 913 935 
3 21 107 132 236 360 364 416 464 478 544 588 612 622 637 752 778 813 821 931 974 988 991 
142 173 250 280 449 547 549 620 669 682 822 830 899 
25 26 114 230 244 250 265 269 277 361 385 412 456 460 577 585 632 815 839 873 916 956 
5 21 47 85 223 363 418 528 616 644 649 668 693 697 713 765 809 992 994 
12 18 152 222 286 340 341 440 554 609 615 716 736 749 837 878 881 885 905 933 
33 140 255 268 276 298 421 500 526 594 609 790 883 928 967 981 
4 10 45 65 74 83 141 156 161 366 446 455 460 467 484 537 693 696 788 789 919 
73 97 175 203 258 315 428 435 436 445 484 533 541 545 582 605 670 714 745 753 803 816 828 844 906 930 
36 84 111 113 152 206 270 312 372 381 424 425 470 487 509 524 585 641 649 664 718 814 845 894 993 997 
34 39 228 370 485 665 711 735 748 867 996 
86 124 126 174 199 297 322 429 443 536 686 767 836 837 899 968 979 
131 169 205 232 258 296 322 330 456 458 507 525 571 577 605 665 692 694 713 727 756 796 851 865 878 913 931 
24 60 95 147 158 186 200 232 256 377 651 917 958 965 
239 288 302 308 314 555 648 707 759 777 868 894 
18 95 132 205 261 299 337 363 419 422 483 592 641 649 658 731 906 911 930 931 
1 39 59 69 119 251 290 342 364 397 421 437 458 476 493 596 653 658 665 726 905 934 936 968 
6 64 94 176 184 200 208 273 355 358 496 588 629 675 699 812 871 899 925 956 
30 35 46 53 133 181 216 250 275 282 299 310 332 344 367 368 441 453 521 540 566 583 607 619 639 758 782 840 964 
74 86 101 148 186 218 281 346 365 472 476 517 552 603 640 651 666 668 709 792 828 880 
1 45 61 94 194 223 238 256 310 347 464 480 611 623 632 699 726 750 814 875 897 913 961 
59 90 95 100 381 501 690 722 801 
20 24 93 147 268 287 359 396 419 445 452 471 514 533 546 626 692 697 698 
2 51 74 114 204 210 293 332 387 516 529 552 572 634 939 951 
11 13 93 140 180 189 196 479 502 519 649 698 748 756 970 985 990 
5 28 55 57 114 194 213 221 284 379 407 435 437 467 474 661 681 710 763 777 828 917 
16 196 218 278 301 323 397 408 506 633 662 696 792 801 805 899 906 
27 57 103 111 148 160 192 218 259 332 350 353 357 391 494 512 589 595 608 631 700 755 790 817 819 876 885 892 901 903 954 
108 122 195 222 380 408 448 495 552 559 617 649 713 772 927 978 
72 89 92 108 342 371 376 380 399 411 447 480 504 567 754 856 881 
97 228 304 348 418 465 484 509 640 658 723 751 753 758 805 880 950 970 
1 43 62 96 186 202 218 356 360 372 381 437 443 470 517 521 536 537 591 661 683 685 773 818 957 989 
7 11 97 295 331 336 407 433 461 550 581 605 613 816 824 842 857 903 913 919 
43 81 230 351 359 498 535 592 610 630 717 781 938 946 958 
33 174 211 267 310 353 473 541 563 659 662 709 739 768 817 831 928 
5 51 118 290 306 317 361 371 405 458 461 495 507 560 596 655 663 697 715 858 877 942 984 
27 113 165 239 427 487 491 502 576 608 659 763 820 870 872 917 951 971 974 989 
36 45 52 65 111 132 137 139 256 483 507 528 572 594 610 774 798 865 946 980 
123 145 206 225 255 272 312 336 624 632 635 636 639 670 680 687 710 834 914 934 969 993 
57 82 113 127 180 286 299 350 439 441 480 488 523 528 536 579 593 619 736 862 925 989 
3 25 51 58 91 146 155 264 397 462 567 614 640 652 669 791 814 860 866 890 913 
13 35 42 49 61 102 222 237 414 432 666 689 716 730 774 786 889 894 936 947 959 
134 181 279 395 651 793 841 898 941 947 
57 94 107 190 205 260 267 322 333 362 501 543 622 787 834 847 906 916 
20 33 72 261 302 311 338 340 349 355 378 387 441 555 565 582 646 707 756 923 950 956 979 
30 156 237 312 325 362 391 652 696 703 706 799 862 930 
49 52 59 87 149 331 349 398 425 439 448 564 613 849 853 922 931 986 
12 43 78 209 243 310 333 407 425 479 606 657 710 804 890 935 960 980 992 
48 77 89 129 167 186 258 339 430 514 571 585 645 674 724 727 759 787 828 897 945 962 973 981 
25 76 87 127 168 170 208 240 256 293 357 416 438 474 482 561 601 607 608 759 878 882 970 973 
11 21 26 63 74 161 209 222 264 447 454 550 588 591 779 899 931 933 946 
32 66 106 164 167 233 248 289 355 418 426 481 579 630 649 666 683 795 805 887 938 970 984 
4 11 98 161 189 229 263 264 265 287 292 320 443 472 576 588 654 716 814 902 933 993 
46 83 159 226 261 389 392 469 484 502 562 755 822 878 905 989 990 
155 169 195 225 380 434 487 551 695 705 739 761 806 850 967 980 
52 66 69 72 73 85 87 122 155 158 200 203 244 259 336 619 623 652 666 684 727 744 837 859 863 865 945 
12 32 68 175 258 270 378 389 391 553 603 654 663 727 836 856 975 976 
22 31 53 77 84 113 185 210 215 360 368 406 424 439 493 534 619 729 783 925 947 988 
10 16 21 69 184 213 316 405 419 432 509 523 538 565 620 621 629 702 742 760 770 815 849 897 945 
3 87 206 215 367 446 477 499 537 552 590 746 855 919 
13 29 92 95 116 142 329 349 375 428 446 464 502 515 532 549 567 568 585 603 668 724 771 778 780 782 837 854 887 898 
0 18 83 125 152 154 246 282 318 351 426 469 483 519 567 598 678 690 707 726 740 778 798 897 900 906 976 
7 90 103 106 110 189 196 201 410 419 487 508 569 727 748 788 792 880 889 
13 53 169 331 412 536 586 599 609 629 639 680 724 764 795 799 864 887 907 981 
22 87 157 172 267 269 361 362 404 421 453 533 549 561 578 659 684 700 913 921 950 959 
11 58 67 181 222 241 270 296 380 422 547 590 705 758 793 828 869 968 977 992 
181 266 297 322 325 330 407 472 478 505 507 540 593 673 718 738 774 822 860 927 
124 126 145 166 209 236 239 411 428 448 501 530 627 649 652 653 670 730 799 848 966 
13 131 133 167 350 405 474 512 515 530 542 636 651 661 746 759 780 799 818 858 860 861 909 
27 33 34 44 60 62 139 166 168 255 383 393 472 525 538 550 564 661 740 748 829 943 999 
6 15 22 30 77 78 138 229 305 372 390 449 459 510 550 664 693 703 731 739 744 842 880 884 927 934 
154 240 317 330 348 373 477 497 550 561 762 781 934 
83 168 231 249 287 370 512 517 546 646 670 700 837 868 914 
37 53 62 97 104 203 214 254 286 317 380 384 400 412 447 557 600 676 682 683 821 825 982 991 
5 61 88 90 116 120 123 226 236 253 258 266 283 307 346 402 545 586 682 770 896 934 
43 62 342 403 444 450 465 482 527 546 596 651 701 716 743 745 785 872 
13 122 286 306 414 447 459 484 504 543 714 724 773 800 802 836 909 919 933 973 
36 62 177 202 254 310 371 472 682 826 877 909 950 978 
42 114 119 175 246 385 406 435 483 492 519 526 635 690 697 728 783 805 831 863 
59 139 141 154 200 220 248 341 384 493 536 904 948 
36 225 278 365 380 497 537 555 596 618 623 624 628 675 759 785 806 985 
1 277 306 307 328 385 403 499 503 743 753 798 814 951 
21 34 43 91 177 386 417 439 440 461 487 492 533 578 579 619 667 678 739 770 807 851 880 887 910 973 
113 147 198 280 292 440 525 555 586 630 751 761 797 861 886 
220 224 263 276 338 348 385 448 470 582 694 708 735 762 764 874 935 
11 98 118 152 173 194 222 339 388 430 444 465 479 487 577 640 680 708 726 751 830 906 907 910 913 925 
14 19 42 99 167 218 233 251 252 270 328 335 352 365 408 462 479 639 651 876 893 897 923 
32 39 84 100 110 168 171 188 216 217 222 381 390 474 507 530 587 623 843 852 909 984 
43 171 175 299 301 309 315 358 366 455 603 621 701 721 760 817 991 
89 198 234 267 519 550 573 631 670 692 702 784 794 881 895 951 
31 81 103 118 133 148 150 173 186 230 250 260 353 421 460 480 500 524 570 692 693 728 752 805 816 857 874 893 909 939 949 960 
68 111 131 216 219 310 337 339 370 392 453 560 626 656 662 669 682 694 824 830 937 968 
19 57 101 125 148 174 185 189 192 282 291 300 319 350 469 503 524 584 610 613 636 667 692 809 868 886 933 955 959 961 
81 90 95 173 277 392 427 428 451 475 524 527 530 568 576 587 605 618 672 695 703 764 811 816 854 886 914 979 
32 55 108 161 168 211 252 265 273 277 303 328 361 380 428 542 741 870 899 950 
123 154 197 240 290 392 483 488 526 537 617 658 670 701 742 743 783 888 971 
10 44 81 99 106 123 165 205 418 480 524 542 563 584 608 639 667 706 712 715 792 806 817 856 884 886 927 947 
73 102 114 263 286 387 446 451 458 688 765 828 963 988 
75 84 212 314 334 383 420 422 435 447 475 531 760 779 783 801 924 927 931 964 
32 102 119 158 236 263 276 356 415 436 465 466 502 570 576 583 593 603 681 738 775 801 860 904 911 967 968 
39 95 105 189 225 230 236 277 316 344 370 434 437 483 486 543 593 606 835 845 
147 161 229 359 438 476 498 573 626 748 750 757 790 794 825 886 929 950 
108 114 129 272 351 452 584 762 779 790 
26 39 65 85 103 134 136 326 338 351 397 453 461 521 587 607 679 759 851 947 992 
90 103 214 279 367 404 415 441 499 520 543 552 561 675 750 785 933 974 
91 257 261 273 318 320 327 332 346 372 373 403 499 544 778 783 790 818 846 867 938 967 
93 140 328 423 471 509 537 569 594 628 653 710 732 734 908 914 917 924 967 975 
17 21 125 146 167 204 279 300 304 385 425 439 457 461 581 814 836 862 
184 257 279 435 463 569 583 584 740 757 892 964 
21 67 143 146 347 425 464 541 597 836 855 997 
4 71 79 150 182 314 441 445 456 468 476 544 576 593 611 616 646 737 743 749 774 863 943 
118 233 246 282 363 404 520 522 597 635 639 649 699 739 779 780 859 914 936 
143 151 207 239 309 325 366 393 395 590 670 688 722 740 805 824 862 946 
14 55 75 102 104 109 115 139 278 402 481 505 609 780 794 903 910 924 950 
12 44 101 163 197 212 276 404 408 443 496 613 630 639 690 745 764 791 793 844 847 880 902 940 
138 140 196 230 254 269 429 531 577 608 643 671 747 836 959 
100 112 220 253 288 366 413 435 542 604 605 650 725 772 796 800 832 852 862 872 953 
0 17 72 103 121 160 172 263 378 459 463 486 493 522 554 563 576 610 613 719 802 816 834 921 958 972 
17 296 331 358 396 416 419 482 557 572 598 605 630 637 656 658 690 780 816 848 902 923 
13 278 304 328 386 390 412 414 421 443 474 503 559 560 585 587 603 617 637 716 751 769 847 848 853 881 914 969 
91 117 193 278 311 388 408 476 522 527 531 600 672 677 735 783 804 880 913 926 969 978 995 
42 86 124 132 155 230 363 390 724 758 794 797 802 821 879 941 
46 79 104 196 216 226 256 285 291 364 429 430 629 707 771 785 791 842 858 
0 12 65 82 99 119 150 166 169 412 415 430 587 600 616 627 673 683 687 699 708 710 733 769 836 882 895 900 939 
54 105 115 128 151 263 308 310 367 368 424 569 584 665 673 787 839 865 918 933 
29 119 202 209 210 409 456 474 519 568 592 633 641 669 746 789 850 855 898 975 
33 59 71 127 199 292 293 370 417 436 634 750 783 794 885 920 987 
2 5 16 32 40 65 66 68 101 178 189 247 261 586 587 628 779 889 981 
40 43 119 293 350 386 447 469 504 512 516 596 658 714 779 830 887 893 956 960 975 980 
50 93 99 125 175 223 245 258 302 408 457 512 578 594 618 620 622 655 724 728 750 752 830 891 899 982 991 
143 254 285 303 351 358 452 454 488 500 511 559 607 615 622 623 686 819 875 943 995 
2 21 57 91 375 387 556 559 709 741 766 782 790 856 858 886 896 983 
31 38 90 118 252 258 451 512 565 606 607 761 766 858 943 988 
10 63 110 134 141 370 399 415 467 517 585 599 646 678 737 798 929 
9 37 78 146 203 261 311 318 362 381 413 446 506 511 559 574 608 624 629 767 
25 41 52 80 94 161 257 292 370 376 411 487 493 537 629 710 764 777 786 878 896 977 
22 37 106 183 185 186 280 299 410 415 501 514 562 576 577 593 624 743 831 881 887 896 942 
62 106 122 126 141 210 229 307 451 626 629 642 657 701 726 727 731 735 766 799 848 872 899 902 906 945 966 984 997 
43 215 311 337 386 424 479 503 561 592 718 723 810 867 917 
8 26 70 73 170 177 347 363 385 406 461 472 551 559 755 809 831 943 995 
150 201 231 249 280 320 403 495 523 633 754 759 819 852 870 912 
20 37 44 190 315 355 360 377 422 568 576 641 648 749 753 775 777 840 864 876 926 996 997 
73 98 121 148 174 276 334 359 368 480 512 549 686 776 822 856 871 886 929 
28 55 148 166 176 288 314 553 567 593 597 612 627 698 719 756 860 884 959 963 971 992 
3 8 32 63 110 118 166 235 306 458 522 551 572 602 662 744 783 841 851 893 897 948 963 989 998 
126 144 242 271 306 355 368 403 456 526 559 727 779 788 840 
97 123 197 419 528 610 644 751 787 801 832 858 883 
13 20 63 102 121 168 212 232 253 301 307 355 463 505 693 807 814 832 851 893 971 
50 102 103 113 121 127 283 303 362 363 453 493 535 558 582 593 606 659 683 707 731 765 810 821 842 867 882 935 993 
2 17 74 79 85 130 159 259 315 343 353 394 442 488 501 530 543 553 560 570 571 589 634 853 915 931 954 959 965 
50 76 193 195 227 253 268 276 291 306 323 328 364 471 488 557 596 613 638 685 705 787 800 833 922 972 
58 73 78 182 261 279 288 294 404 436 451 541 582 655 863 912 976 993 
15 23 87 126 175 190 222 254 336 340 366 437 630 676 726 738 759 828 958 964 
121 270 301 398 473 490 501 578 615 631 792 815 823 840 878 906 909 931 941 954 
6 22 40 132 158 167 234 292 301 360 375 427 563 647 655 739 806 813 
92 155 186 250 302 362 486 567 627 712 726 759 776 878 881 927 931 939 968 985 
35 61 74 96 187 249 346 407 415 421 430 444 466 491 563 654 775 806 813 819 832 936 
50 93 256 263 327 363 505 592 599 636 640 645 753 764 787 793 871 932 939 
15 29 255 292 304 570 609 641 648 797 854 866 891 892 903 957 
27 40 41 74 230 260 265 306 320 321 439 448 454 464 466 575 647 682 721 757 802 847 895 900 915 949 964 979 
71 79 87 131 235 246 335 349 355 378 379 670 678 702 736 751 774 856 868 985 996 
12 28 34 103 105 116 170 191 383 458 678 698 729 764 781 805 840 997 
47 48 52 65 79 135 188 209 239 289 320 438 514 523 541 616 696 835 903 990 
57 64 72 255 262 287 382 383 387 403 513 566 567 606 625 661 723 755 758 847 863 864 883 
36 39 185 264 349 367 414 432 486 498 527 591 625 699 732 735 786 900 
14 82 176 190 218 223 286 341 372 410 457 476 496 528 547 569 597 689 730 813 834 846 855 858 
71 83 92 104 450 575 604 626 780 796 833 847 851 875 960 
87 116 146 206 228 237 291 366 384 389 438 565 623 628 679 708 760 812 816 919 942 
25 64 67 69 112 180 190 233 343 382 516 536 564 579 617 634 756 786 870 
9 116 270 309 327 344 345 358 417 485 493 537 595 663 677 707 782 786 832 957 974 
126 193 219 270 279 311 323 389 447 466 561 590 611 634 651 680 712 731 774 809 834 921 930 935 
159 199 209 229 233 354 516 581 603 678 680 800 840 895 982 
37 60 71 107 136 184 204 257 272 283 365 407 419 435 472 486 590 684 699 705 768 836 842 853 868 870 948 
2 66 74 94 112 178 209 237 250 309 329 486 600 653 667 699 881 890 989 
221 266 388 402 405 438 450 610 615 717 829 839 853 933 
43 66 336 368 429 496 511 532 546 627 633 679 781 863 877 
32 36 65 90 131 526 538 577 588 589 615 667 738 763 785 791 857 873 885 905 913 992 996 
4 33 95 132 147 183 199 246 256 263 290 292 454 471 478 523 536 576 724 767 883 938 939 954 
26 96 161 238 350 629 637 697 710 711 788 826 891 931 947 
15 73 105 133 202 276 282 306 370 528 700 807 819 842 913 929 975 
34 44 82 96 133 145 262 286 293 592 711 736 842 884 887 911 983 
77 139 155 166 176 197 235 249 261 265 297 304 364 410 488 509 525 622 639 727 872 902 906 
13 21 32 51 88 175 214 218 343 346 355 361 456 497 504 521 607 662 716 719 730 747 750 788 794 839 856 875 903 906 924 929 936 
16 76 98 118 127 183 459 517 575 637 661 685 733 770 785 802 809 816 859 906 
103 153 170 310 334 439 451 522 551 567 570 582 630 711 721 775 855 999 
69 76 90 106 109 217 219 292 315 483 534 566 604 707 825 884 907 954 
35 86 156 197 436 463 465 466 511 575 603 659 690 730 736 785 809 988 
86 124 205 262 283 307 320 333 398 451 490 493 541 587 684 695 779 894 976 982 988 
104 134 151 279 304 334 394 474 493 504 533 601 602 707 918 956 970 
74 76 110 129 191 266 285 320 404 407 419 439 470 567 597 638 711 716 751 769 
62 116 155 158 177 201 225 244 269 283 401 571 634 649 656 681 698 708 738 805 855 867 872 874 907 
229 232 341 351 377 467 470 493 495 515 547 550 587 728 740 743 775 847 870 887 907 978 
76 91 94 116 175 241 247 320 346 390 474 537 555 588 641 647 762 787 807 861 940 947 
35 122 131 347 492 531 555 565 595 619 621 623 644 646 648 743 832 868 883 984 
57 63 72 101 116 120 155 175 218 357 430 472 656 810 837 839 924 992 
43 210 315 441 613 626 688 729 767 818 827 900 943 961 981 
6 91 135 198 213 322 427 453 467 492 495 498 527 573 651 748 772 854 887 894 896 902 916 935 983 
25 138 229 289 413 420 434 439 441 523 555 814 823 894 930 955 961 970 
0 41 74 153 165 205 207 225 229 261 288 300 338 353 389 392 444 509 511 581 588 658 661 792 889 895 900 903 910 934 941 958 
23 66 272 369 415 421 424 517 577 598 630 634 677 776 876 900 918 940 943 
105 110 170 181 267 276 283 328 355 380 496 619 666 738 988 993 
60 72 199 236 364 403 429 496 562 644 651 658 681 789 833 892 946 965 
5 55 63 75 220 324 379 393 449 489 492 511 577 633 674 701 714 785 817 818 847 901 916 925 
40 84 122 132 189 226 269 377 411 455 466 499 575 656 669 703 704 737 868 877 916 927 969 
153 169 244 248 387 397 400 406 472 491 593 609 623 709 743 745 889 892 905 982 
147 298 335 363 365 387 395 424 443 509 538 541 636 774 785 795 804 826 953 984 
1 18 67 72 120 121 198 201 204 264 282 343 358 402 449 509 686 703 755 796 879 884 924 937 989 
82 247 309 342 398 411 417 459 528 535 593 629 725 829 837 935 939 965 
31 41 145 164 166 196 225 301 380 407 523 558 610 642 663 751 792 796 808 
9 54 79 85 125 242 258 268 286 313 722 968 980 
45 254 262 288 335 426 488 505 620 653 661 666 692 769 981 990 
58 172 175 253 314 336 504 526 549 592 626 668 672 891 963 972 
27 184 223 297 381 405 420 476 489 521 535 771 
41 52 59 135 155 168 174 178 200 202 220 296 386 521 522 624 893 920 921 943 
73 103 129 146 162 208 214 226 308 326 343 485 490 525 563 572 597 602 609 610 620 712 746 775 793 815 819 821 846 993 
57 113 157 311 386 390 398 432 592 600 605 657 705 727 739 782 818 834 853 854 977 984 990 991 
10 94 110 114 137 150 158 159 179 224 291 307 326 334 407 414 456 475 485 516 626 643 657 706 715 724 749 845 872 874 
167 322 339 483 496 535 588 595 699 774 798 895 
22 35 40 41 99 120 264 269 286 344 456 467 518 586 628 680 803 822 869 929 987 
6 32 46 63 171 181 187 232 288 336 342 384 401 455 470 490 539 563 564 691 704 787 801 842 858 939 966 968 979 991 
14 17 45 50 105 110 280 300 371 407 430 458 499 528 548 579 633 805 806 966 974 
53 145 195 214 253 356 438 595 613 650 677 739 748 804 846 856 863 963 
6 186 190 226 232 289 302 312 366 373 382 406 455 508 529 733 855 894 898 920 982 990 
26 35 109 169 229 238 243 269 360 461 465 583 588 615 617 637 772 864 904 927 937 968 
97 101 102 117 188 408 476 492 502 504 509 552 572 578 580 630 746 795 
73 99 137 197 280 448 458 486 573 618 698 704 709 723 725 740 810 818 901 
138 180 205 212 291 307 361 390 457 463 489 495 496 553 568 619 697 766 786 791 792 836 867 931 934 963 
286 305 306 323 467 657 728 743 853 892 901 
44 170 182 201 215 292 331 334 362 451 486 583 686 715 854 899 
14 22 53 112 121 140 146 155 198 206 263 303 317 321 359 393 450 461 466 523 576 635 646 701 742 841 891 924 995 
35 212 283 292 432 487 498 510 567 578 629 665 683 768 779 801 891 905 910 913 953 
103 165 292 299 311 338 340 344 347 354 389 390 393 398 432 453 480 482 547 573 680 786 803 836 936 978 997 
43 78 85 126 151 164 252 268 276 311 333 353 404 516 579 594 632 641 658 660 698 720 753 766 775 840 841 914 924 995 
91 142 215 288 304 364 370 438 533 585 643 666 705 741 778 835 926 958 985 987 994 
10 12 35 109 155 332 348 417 503 540 601 708 891 
57 128 159 183 191 210 212 252 291 336 417 461 536 537 568 585 657 682 713 722 733 933 
106 145 148 182 246 257 270 287 295 313 315 402 433 452 488 527 565 614 671 771 773 804 857 958 992 
55 133 209 220 288 304 378 410 412 413 479 604 682 711 824 849 901 
8 30 176 317 418 435 529 631 656 664 708 835 907 910 955 962 985 
137 367 422 425 519 542 578 664 733 740 857 874 916 971 989 
12 35 92 115 150 174 189 204 207 287 340 412 613 871 889 906 933 971 976 
25 77 88 108 144 191 327 359 408 453 498 511 530 545 712 755 776 777 781 878 911 912 951 
10 61 75 205 282 319 338 370 376 528 552 589 675 713 767 810 854 861 916 
50 153 208 257 262 321 354 371 390 494 527 599 753 813 852 927 998 
99 103 126 170 295 430 526 578 639 681 735 752 808 811 858 870 871 972 980 
15 43 105 280 344 383 476 489 544 612 657 658 666 686 758 765 790 856 922 968 
65 128 134 263 309 315 534 540 548 582 591 597 653 820 837 874 937 951 959 991 
14 41 84 127 156 161 168 180 199 237 257 258 363 410 413 450 482 503 519 599 675 813 841 845 882 902 930 967 999 
56 121 245 276 348 411 417 579 620 643 787 925 931 960 
32 99 118 147 155 212 272 332 395 422 424 461 487 513 524 623 636 813 817 862 900 974 
20 61 75 115 181 214 263 345 356 380 480 483 509 534 555 586 713 752 753 869 948 
19 30 65 81 106 125 132 134 180 192 203 236 287 288 365 382 456 491 509 637 686 747 751 771 798 800 862 903 921 
13 40 42 162 188 212 229 235 311 320 408 447 458 526 552 558 560 571 605 716 845 855 895 
50 67 100 139 147 243 320 399 465 514 552 577 621 665 729 775 895 910 968 
10 16 19 39 156 217 256 294 307 311 365 518 542 582 592 599 607 609 631 638 676 821 
63 119 131 137 138 180 249 263 377 434 439 470 531 552 590 613 831 871 943 
12 31 43 67 75 81 94 111 137 200 219 442 477 536 543 554 663 949 975 
75 76 116 166 254 276 348 428 473 603 675 703 831 848 856 908 952 975 
90 96 221 252 287 311 337 343 394 415 437 456 522 545 608 621 659 687 711 826 876 932 970 
39 76 188 208 257 268 283 285 339 340 377 500 543 554 641 756 772 788 852 873 874 889 
11 66 132 376 642 681 719 722 821 824 898 918 938 989 
20 32 148 230 238 366 375 396 520 529 539 573 631 692 731 836 846 919 973 998 
15 20 130 131 295 296 309 317 345 361 374 487 491 531 556 574 597 601 659 668 676 682 731 756 873 874 915 961 972 983 997 
53 117 247 265 269 289 320 369 510 515 523 532 615 715 721 938 944 
47 64 89 214 291 429 460 475 484 526 555 671 705 716 738 813 822 846 847 852 879 894 909 943 963 984 
