9 15 31 54 58 
90 
0 0 
32 38 84 
48 
13 
0 0 
52 
9 14 43 
0 0 
3 28 87 
7 79 
31 
0 24 67 
48 
11 79 
48 98 
30 70 
66 69 
1 15 
37 72 82 
91 
42 
36 
30 88 
27 36 63 
0 5 15 30 
35 77 
0 0 
22 
1 80 
94 
66 
93 
49 99 
6 
54 
0 49 74 
6 10 88 
29 43 86 
29 33 44 64 
35 92 
2 36 78 87 
60 97 
7 82 88 
92 
40 
28 67 
44 48 53 73 
22 45 
55 56 68 
83 
15 
45 93 
33 81 
40 43 
81 
73 
79 
24 45 94 
6 51 59 83 
68 74 
46 71 92 
20 
45 76 
27 37 
37 68 89 
61 
37 
44 
42 
0 0 
0 0 
27 
10 
41 82 87 
0 0 
43 47 78 
18 19 88 97 
59 79 
22 44 
0 0 
12 
6 15 29 38 56 
0 0 
2 
34 
82 
57 63 74 79 
31 41 77 
22 62 82 83 
86 
6 
36 78 99 
81 92 98 
7 
90 
57 
31 
9 75 84 90 
