82 
0 0 
75 
54 
31 57 
0 0 
0 0 
1 
68 
0 0 
0 0 
0 0 
2 
14 89 
25 
60 92 
0 0 
23 
13 
0 0 
35 87 94 
0 0 
66 
92 
30 
28 59 69 
99 
0 0 
19 41 
0 0 
25 29 
0 0 
14 
0 0 
13 
16 59 76 
5 
0 0 
0 0 
43 63 
59 
6 
70 
0 
0 0 
22 44 47 
54 
51 
0 0 
0 0 
77 
0 0 
85 
48 61 91 
31 57 
3 47 52 
0 0 
0 0 
25 
0 0 
0 0 
0 0 
41 
2 42 
0 0 
62 
26 
0 0 
87 88 
0 0 
0 0 
93 
0 0 
77 
52 
20 
0 0 
0 0 
0 0 
9 19 
0 0 
0 0 
40 
0 0 
0 0 
7 
34 44 
58 64 86 89 
25 
0 0 
28 58 
76 
76 
1 65 
0 0 
0 0 
0 0 
46 
75 
75 79 
