2 3 
0 0 
2 
1 10 
9 9 8 
7 
5 7 4 
3 3 
4 3 
0 0 
0 0 
4 2 
8 
8 8 6 
7 5 
10 9 
0 0 
2 3 4 5 
10 
5 1 7 2 
1 3 10 4 
0 0 
4 9 9 
1 8 
7 
4 7 8 1 
9 
7 
5 
0 0 
5 7 3 
5 8 
0 0 
9 5 6 7 
4 
2 9 9 
8 
0 0 
0 0 
10 6 4 
7 10 
4 6 4 2 
10 8 7 
0 0 
1 
3 7 9 
5 
6 9 
3 
0 0 
4 
0 0 
1 4 9 4 
9 4 4 6 4 
3 1 
8 9 7 
7 1 4 
5 4 4 
0 0 
9 
0 0 
1 1 
1 9 1 5 
7 
9 10 
10 2 7 
0 0 
2 
6 6 9 7 
3 10 
8 6 
7 9 3 
0 0 
2 9 8 
8 7 3 
0 0 
0 0 
0 0 
5 2 4 2 
0 0 
9 
10 5 
9 4 2 
4 
7 10 8 
9 2 5 
10 3 6 
10 5 2 7 10 9 5 
8 9 
6 9 
7 5 9 3 2 
1 7 
1 10 4 
1 8 
9 
0 0 
1 9 
1 3 
4 7 
10 6 3 3 
