4 35 47 66 72 77 94 
8 10 78 
11 32 36 63 69 97 98 
12 32 37 
14 40 61 76 79 89 91 
79 
8 19 27 36 74 93 
3 4 16 86 
36 
56 
10 32 59 79 
1 33 63 90 98 
5 10 16 37 65 68 81 92 
6 21 24 38 67 73 93 
4 25 26 86 92 
2 11 33 57 
44 62 73 79 95 
22 48 50 84 
37 38 51 75 77 78 95 
18 33 59 70 73 98 
8 15 23 
11 45 49 50 82 97 
41 52 66 79 
3 4 16 19 38 70 80 82 
21 32 50 62 72 84 88 
9 10 91 97 
25 57 
9 14 36 64 
47 68 
17 21 22 62 97 
4 
2 12 18 36 38 40 42 45 49 55 56 62 66 86 
9 17 50 63 84 86 
9 56 67 83 91 
23 24 41 49 55 68 72 
21 27 87 
7 13 14 69 
98 
15 17 32 
3 11 48 57 97 
7 23 31 33 37 51 55 57 83 99 
10 40 60 76 
23 
20 58 80 83 88 
54 55 77 83 85 86 
36 64 79 
11 24 31 51 60 92 
9 25 45 53 88 
85 93 
26 35 47 90 
16 53 55 66 85 92 
39 54 67 85 86 95 96 
34 50 59 82 
4 27 42 46 51 53 98 
55 
11 14 
5 18 39 42 
14 78 
8 13 17 46 85 
52 75 
23 25 39 73 81 
2 13 19 65 93 
12 22 31 32 64 69 91 
30 49 82 92 
32 44 56 77 
33 63 
2 8 21 44 45 60 64 76 
32 68 78 98 
5 13 37 54 62 80 
12 20 22 34 66 76 97 
1 46 92 
12 36 41 42 84 93 
51 85 88 90 94 
0 0 
21 71 72 
38 47 
31 41 43 79 94 96 99 
3 50 69 
42 
42 50 51 74 76 77 89 
3 9 24 26 32 51 69 78 
7 54 91 
3 56 
19 28 38 48 56 66 75 
48 54 70 75 76 77 
10 12 31 44 45 49 
5 22 35 49 85 88 
4 35 39 65 67 
18 39 43 47 71 
5 18 44 69 84 
32 58 64 
42 72 96 99 
9 30 43 55 65 80 
53 
0 13 25 73 82 
17 24 57 79 82 96 
20 24 32 61 62 73 77 93 96 
8 11 17 37 46 69 85 89 
18 37 50 54 85 93 
36 37 40 45 60 61 64 82 
