36 81 
0 0 
74 
11 52 
29 55 96 
98 
39 57 95 
14 24 
9 59 
0 0 
0 0 
62 92 
71 
3 63 77 
13 67 
47 79 
0 0 
10 21 27 98 
35 
4 28 32 89 
15 67 74 83 
0 0 
5 11 43 
69 87 
6 
4 35 45 57 
74 
94 
16 
0 0 
0 4 46 
88 98 
0 0 
7 15 84 86 
86 
29 46 75 
97 
0 0 
0 0 
12 29 31 
27 74 
14 24 40 51 
22 33 63 
0 0 
85 
7 10 15 
16 
13 45 
48 
0 0 
37 
0 0 
2 16 35 42 
5 18 38 47 87 
13 59 
3 8 56 
13 69 72 
63 76 97 
0 0 
75 
0 0 
90 92 
50 71 82 88 
34 
38 43 
5 24 68 
0 0 
91 
4 27 28 48 
66 85 
26 52 
15 27 59 
0 0 
10 42 84 
52 86 92 
0 0 
0 0 
0 0 
39 49 51 87 
0 0 
56 
67 95 
22 44 92 
31 
16 28 81 
54 64 74 
4 76 82 
4 7 41 42 61 76 80 
36 67 
40 70 
1 3 76 80 84 
8 83 
8 72 98 
4 82 
74 
0 0 
1 48 
69 76 
76 80 
20 31 56 79 
