30 195 209 312 351 389 401 411 445 460 465 569 582 629 635 794 834 980 
75 114 121 146 189 232 236 286 294 295 350 411 534 548 551 679 741 843 857 903 
36 47 89 304 449 523 526 537 777 853 964 
41 79 87 212 248 337 442 458 495 517 523 549 601 760 973 
4 197 386 390 404 440 452 471 492 493 529 593 625 626 662 767 828 851 865 868 953 
10 13 35 43 171 192 234 241 261 446 483 552 625 706 790 798 870 916 926 939 951 
26 120 144 248 392 410 478 484 558 573 594 636 652 799 807 839 871 896 910 945 956 965 
34 83 165 202 224 351 357 385 393 472 520 540 649 653 666 678 821 879 933 983 989 
53 107 115 143 171 256 321 349 529 546 634 699 787 870 973 988 
36 151 166 191 245 251 310 393 396 405 430 560 567 612 629 635 739 849 988 
44 125 161 167 208 291 359 427 462 489 491 586 646 695 748 759 772 780 823 843 896 900 923 924 
50 64 88 136 270 280 287 312 389 792 803 805 867 949 996 
39 112 122 166 169 194 207 236 352 365 435 452 497 567 593 603 615 641 650 680 711 746 773 775 794 955 958 
29 55 111 186 315 341 385 405 507 514 667 692 722 808 819 864 876 881 886 919 951 
8 18 63 68 72 81 264 297 344 413 519 630 638 749 803 804 818 824 828 857 940 978 995 
1 122 170 190 248 250 267 352 426 504 570 624 767 852 922 931 
0 12 87 92 113 115 153 182 230 284 416 434 455 465 486 542 610 622 679 691 714 737 745 762 822 835 989 996 997 
76 84 133 300 329 354 412 517 534 552 553 610 616 667 710 750 814 
4 43 49 56 79 102 168 271 324 494 525 528 560 683 797 871 889 896 973 983 998 
50 80 100 134 156 170 213 262 348 356 399 440 507 520 545 554 560 653 672 706 719 757 768 784 833 836 854 905 988 997 
13 42 102 117 180 205 212 252 269 314 331 341 400 421 474 483 507 550 606 624 698 749 795 807 982 997 
159 161 237 289 386 434 460 526 541 570 572 582 627 674 808 835 837 942 945 946 983 
114 277 281 299 302 304 448 489 494 525 702 779 868 903 944 966 
5 54 65 83 112 134 202 252 307 331 343 587 646 699 712 756 805 818 870 949 973 976 
176 303 324 383 428 434 440 503 543 549 581 621 654 664 677 678 695 732 826 831 845 862 
18 22 136 164 207 254 367 449 527 543 614 676 747 861 890 926 927 933 946 
106 178 297 510 516 587 616 713 836 877 935 948 
90 118 132 236 268 419 451 459 486 639 652 677 856 916 919 
92 160 188 308 346 355 367 389 407 424 575 599 665 795 886 938 969 983 
76 130 190 291 333 370 449 536 541 548 562 576 728 737 803 864 920 979 
13 87 88 146 152 182 194 222 254 289 427 669 677 681 731 791 921 
0 6 66 170 208 253 435 512 531 539 560 580 612 648 651 800 804 831 833 861 895 915 939 946 995 
17 34 72 94 144 183 216 254 386 457 552 559 645 707 791 796 818 852 893 927 929 992 
33 51 137 162 194 213 256 295 326 364 405 501 554 566 572 594 612 705 716 801 830 853 857 884 886 902 955 
117 136 232 259 272 277 289 315 390 442 454 487 573 599 608 652 689 742 749 805 845 890 908 971 
92 120 122 153 226 301 389 406 422 425 496 538 617 661 693 703 761 818 864 992 
22 144 198 204 253 266 462 522 609 619 662 666 697 702 729 733 758 801 824 864 873 884 898 927 
34 97 132 232 318 397 418 547 566 602 627 655 658 754 814 820 862 909 920 927 970 
64 66 261 304 436 506 578 729 751 792 924 
57 97 103 151 230 441 468 564 635 701 745 752 913 982 992 
13 138 177 185 291 380 398 410 450 482 548 574 581 713 749 828 839 844 916 921 979 
17 24 37 157 198 244 289 295 324 392 463 518 527 541 615 772 803 831 860 921 932 
0 20 108 112 136 155 167 274 336 356 371 505 520 524 545 549 572 625 770 794 815 868 930 
27 98 103 169 338 354 365 392 394 589 617 678 683 731 772 784 821 914 951 968 974 
81 116 123 212 237 390 393 397 438 541 551 656 688 739 779 817 825 
43 49 79 81 115 118 124 127 133 149 151 204 286 308 319 342 413 426 452 453 629 652 710 748 752 816 853 962 984 
22 28 44 85 90 94 123 249 265 303 311 350 396 406 407 412 509 581 637 881 882 955 981 
1 44 68 99 142 213 233 362 409 446 452 578 845 909 937 
29 54 74 78 242 381 449 462 465 612 627 733 743 782 983 
25 121 145 162 180 456 463 492 512 531 534 716 769 778 785 808 812 922 982 986 
8 10 22 77 152 190 255 457 482 492 521 575 850 933 
56 82 98 183 195 238 257 294 306 363 530 547 600 649 761 885 973 980 
39 45 124 136 196 200 246 344 349 475 527 558 599 658 734 743 752 791 829 836 843 922 932 937 952 
5 9 38 51 89 108 144 250 287 321 331 355 508 598 610 623 633 743 
60 162 250 278 346 498 518 541 593 627 652 686 703 728 729 762 777 804 992 995 
106 158 180 263 281 285 319 327 336 362 394 444 461 498 506 591 621 719 725 753 864 
47 134 174 177 185 219 389 400 413 573 649 683 716 737 759 779 901 924 974 
22 33 72 79 124 153 168 213 304 318 342 603 617 676 768 787 828 837 849 901 963 
52 172 219 340 358 414 459 663 680 800 862 885 951 
26 52 83 130 266 272 331 337 367 423 433 468 486 503 552 577 680 714 929 959 964 992 
68 187 224 239 307 322 353 360 391 422 436 455 477 510 529 564 625 649 917 987 
94 311 378 382 396 405 451 497 531 560 564 705 742 791 935 945 
33 103 192 196 211 246 284 287 311 328 526 685 823 867 924 934 971 
56 61 83 102 130 204 272 276 316 409 410 411 436 577 578 611 786 863 902 
52 94 113 251 278 280 350 406 417 426 523 543 555 612 731 783 813 825 833 
28 43 74 97 140 416 434 563 624 711 896 916 925 984 
15 177 210 239 327 343 371 448 468 567 568 643 773 786 847 888 900 908 964 
3 90 227 254 313 349 405 408 504 507 521 604 614 646 706 717 736 789 830 907 917 987 
47 194 250 261 299 413 467 511 610 836 871 900 912 947 981 
33 36 159 283 345 395 410 468 521 580 585 640 660 670 688 736 749 761 820 844 920 
54 73 110 139 236 259 293 374 539 568 588 598 740 741 802 844 902 937 969 
45 47 119 165 302 411 501 541 550 619 657 698 732 759 761 807 951 956 
2 20 52 63 167 182 325 406 576 594 604 667 717 724 737 788 798 913 950 
49 59 75 343 365 388 403 463 477 589 590 594 612 653 663 720 738 750 917 968 
8 11 34 68 88 94 96 405 445 568 603 734 891 969 981 991 
56 217 224 352 402 499 524 688 701 784 806 881 944 951 975 
11 72 132 176 177 200 225 245 287 365 378 500 548 558 570 623 697 755 806 831 949 974 
21 53 74 102 137 197 236 254 380 434 478 654 714 821 944 991 993 
39 184 221 524 579 839 850 945 955 
19 24 39 88 141 196 201 222 224 240 275 339 347 579 588 598 740 748 799 809 866 887 948 
131 159 181 231 247 357 410 412 444 460 655 660 672 679 680 711 713 720 741 839 859 910 960 968 983 
21 54 70 91 95 110 266 291 299 430 519 539 550 570 637 682 684 703 732 771 879 933 
67 86 177 206 284 318 324 395 402 451 462 479 502 551 689 803 805 899 904 941 968 
3 126 182 295 316 375 410 462 615 633 670 711 857 858 870 902 927 
44 105 210 318 380 444 519 553 817 
92 125 137 154 181 183 195 407 654 717 785 787 800 847 855 925 956 972 989 
58 73 288 294 374 431 445 456 497 574 608 622 757 846 959 
40 44 60 70 146 211 217 233 334 344 427 428 580 668 672 750 767 822 883 
99 120 169 174 263 338 359 429 464 472 473 497 530 604 649 691 709 719 765 798 813 913 941 943 946 
64 120 195 224 264 305 325 397 418 438 494 513 577 595 738 779 808 900 917 928 
58 90 131 152 246 360 361 472 523 632 680 707 709 713 719 761 770 880 912 933 968 994 
53 165 204 224 262 349 401 511 594 630 636 647 684 716 722 727 729 791 912 974 986 
10 41 48 111 131 159 222 251 278 337 366 374 449 517 527 564 592 594 606 744 865 898 973 
67 156 208 353 415 455 552 573 650 708 750 824 847 868 910 993 
142 197 208 209 338 396 436 457 458 632 730 749 750 842 917 960 978 
5 13 78 83 178 179 183 263 271 340 416 471 542 602 626 764 771 809 815 826 867 868 911 949 
43 67 118 158 237 246 369 373 383 434 508 594 609 638 672 854 
71 205 240 362 565 603 621 649 676 734 753 784 788 835 937 
17 206 436 530 573 629 665 673 716 771 823 832 907 927 977 
1 59 134 138 246 276 501 530 534 633 672 720 728 739 766 768 782 796 828 867 941 945 
54 117 153 155 164 243 360 364 446 482 508 546 649 651 680 698 731 803 807 810 854 867 906 
194 209 248 297 585 623 647 650 714 731 733 744 813 851 987 989 
20 31 69 182 204 308 321 413 414 423 493 580 642 658 663 683 694 760 871 881 896 988 
106 155 161 183 273 325 378 420 424 497 589 593 664 692 706 788 796 861 864 902 949 952 983 
49 89 205 222 276 283 423 435 560 656 691 752 831 842 920 986 
81 88 207 248 310 352 383 482 497 509 525 544 640 700 727 729 825 918 
14 82 151 237 285 354 363 373 430 454 469 477 482 510 528 568 752 869 878 933 937 971 
0 19 28 49 105 170 207 226 238 296 318 363 416 446 453 503 554 572 647 665 671 683 794 830 831 906 963 964 977 
2 87 92 97 108 152 167 302 383 433 439 459 465 467 468 511 515 528 541 543 547 601 614 636 761 775 832 
51 166 341 443 468 503 568 728 758 759 934 947 989 
33 98 109 275 320 349 387 390 403 452 477 489 508 535 558 572 606 622 625 639 744 786 815 859 879 978 
75 181 185 235 301 398 567 574 597 696 740 781 812 818 924 938 
135 159 167 215 369 395 415 472 496 529 600 603 784 898 972 
8 23 166 192 232 249 317 320 336 416 512 736 790 797 806 858 873 914 957 
1 92 93 127 154 156 169 216 328 430 474 496 533 536 605 625 717 736 783 921 962 
3 98 189 246 271 391 459 558 579 633 691 721 739 808 
7 102 253 353 418 422 451 488 702 783 850 927 986 993 
151 229 237 272 300 314 342 367 454 468 502 508 556 655 706 729 731 783 805 817 969 993 
149 165 174 265 279 291 458 557 571 586 592 621 686 691 730 748 780 785 804 811 845 895 897 
44 77 140 394 400 480 568 614 711 757 892 959 992 
54 118 128 136 211 229 252 275 293 381 393 422 624 639 727 743 827 878 958 
3 99 116 127 203 351 359 424 617 625 662 682 701 714 745 812 816 926 942 
123 131 167 192 195 203 345 363 415 453 514 519 587 630 678 730 738 774 
108 131 199 385 438 446 451 460 490 523 576 584 611 614 761 795 800 842 911 916 931 946 974 
4 7 20 161 210 211 256 290 363 397 405 413 468 470 515 538 539 564 566 574 652 724 846 
36 51 169 186 210 246 352 446 454 500 504 520 544 551 612 615 620 633 654 660 841 845 853 884 898 940 
45 127 290 299 303 307 315 362 455 461 486 493 497 701 784 914 919 
86 123 191 293 321 337 447 483 777 841 895 
42 62 63 250 383 397 401 423 425 438 443 463 561 638 707 736 751 766 782 789 870 923 952 979 
130 134 174 203 387 426 532 545 555 561 580 617 633 662 671 695 862 863 896 931 990 
33 41 64 268 301 342 391 513 546 643 657 663 665 676 704 773 800 802 814 847 900 947 
52 203 259 379 410 429 486 500 637 646 693 751 834 
103 275 348 546 618 687 715 932 938 943 
110 146 149 155 256 284 291 292 301 309 314 337 352 373 386 423 473 498 639 662 680 761 770 797 799 971 
34 112 341 346 385 400 480 507 535 554 583 622 632 663 713 768 875 895 903 940 972 
67 73 118 214 284 437 444 464 567 674 700 777 785 797 810 867 876 933 
72 104 105 194 291 405 421 477 524 526 547 602 634 661 663 724 742 752 782 935 
46 54 57 81 221 445 498 524 526 581 589 647 654 669 682 745 757 844 951 976 
146 150 418 439 522 668 698 711 715 742 744 784 787 891 912 932 
148 172 185 204 248 259 318 345 480 509 661 699 771 789 884 893 897 903 
55 70 172 189 293 370 375 483 505 540 556 577 587 597 697 747 750 774 806 811 863 904 929 954 
11 94 158 246 282 285 318 332 440 473 566 722 733 765 828 865 901 909 937 938 
78 141 170 198 275 280 405 511 524 708 808 850 855 889 986 
7 111 135 157 166 183 235 250 302 314 346 367 502 535 539 633 714 913 916 923 946 986 
10 40 63 107 164 173 209 227 241 265 281 339 346 407 429 438 440 462 488 573 586 720 735 763 787 815 
71 88 142 173 216 225 370 390 400 401 409 453 455 457 524 560 667 773 869 901 930 949 
1 4 27 29 35 137 259 290 295 333 476 481 500 560 756 773 793 794 795 836 848 870 903 930 934 944 968 
7 69 108 116 202 218 225 330 420 469 583 637 695 712 721 747 750 757 766 771 772 859 878 894 941 975 984 
8 96 306 391 444 493 517 649 691 732 799 809 840 926 943 950 981 
31 196 219 253 268 312 356 405 408 467 468 505 518 522 535 644 733 750 767 781 819 851 856 863 903 954 965 973 
39 134 142 240 276 296 319 495 571 610 682 740 758 794 803 832 861 899 941 
230 271 295 304 534 634 664 788 836 840 994 999 
164 225 232 237 241 305 475 554 644 708 726 744 772 777 841 901 917 950 
3 6 29 31 79 165 287 292 317 359 470 656 675 679 759 790 951 
1 76 90 141 249 258 275 277 348 392 433 456 680 722 774 797 830 839 846 867 871 979 988 
46 86 248 292 455 553 569 589 648 656 657 769 790 818 835 873 877 942 
72 91 156 247 373 386 524 547 550 552 618 666 759 774 831 842 944 
4 40 49 71 170 264 282 374 393 415 462 537 546 577 614 719 781 917 940 950 960 967 
36 39 129 266 286 357 503 504 507 556 580 644 683 704 718 753 771 780 883 
23 63 100 107 119 272 283 293 401 430 620 630 656 670 711 755 840 883 912 934 970 
83 121 140 234 272 280 353 361 458 476 550 620 767 863 
35 74 135 152 201 204 229 277 317 378 395 416 417 434 442 466 648 672 689 805 833 846 868 922 936 959 979 
7 19 69 70 77 100 272 276 277 319 345 360 377 381 461 510 545 556 665 682 716 753 779 799 807 815 949 953 
25 87 333 338 366 378 447 502 561 571 634 645 800 850 868 911 968 
11 105 242 267 276 282 522 567 583 639 659 711 748 808 847 938 956 958 
112 127 147 158 200 285 290 296 314 378 392 533 551 565 582 662 786 861 886 946 951 
5 13 35 99 108 228 391 455 486 564 609 643 680 687 691 739 766 768 784 791 793 795 809 831 860 890 996 
151 185 193 233 452 470 524 548 652 666 681 704 732 862 887 929 
207 270 364 369 388 485 672 675 687 718 723 759 792 801 855 881 885 888 990 
25 204 423 439 464 468 588 607 610 714 744 752 809 903 954 960 976 
13 24 121 244 264 265 269 340 361 418 449 460 494 519 594 764 926 
2 17 63 86 125 146 169 248 273 296 312 318 424 434 459 494 538 647 666 721 796 837 872 997 
57 145 179 204 271 316 435 439 505 604 644 667 811 941 964 
125 186 221 222 232 247 275 314 372 422 470 480 501 579 597 601 660 663 699 710 729 775 838 840 873 955 
2 96 99 110 196 218 331 370 406 412 562 590 605 884 943 991 
15 35 135 140 162 176 177 212 229 310 333 399 452 658 763 866 905 913 978 
24 44 141 175 213 294 381 596 697 708 789 794 846 950 
3 46 173 457 505 538 621 652 717 770 804 806 880 885 912 914 988 
61 77 86 92 161 179 184 321 344 455 467 510 526 582 632 668 683 693 694 695 856 895 908 
23 73 151 209 237 302 336 415 465 647 686 691 711 740 776 782 952 
4 23 63 141 150 156 163 244 261 333 340 367 538 626 691 711 715 800 805 808 820 838 996 
57 145 233 305 350 393 428 433 461 474 483 494 522 681 742 766 784 803 916 929 935 956 969 
42 45 77 94 128 173 182 190 193 240 296 333 396 434 478 594 710 801 805 868 972 
57 58 60 72 244 364 456 548 560 650 734 768 839 888 901 
51 83 105 113 116 174 266 339 513 542 599 643 661 671 772 780 783 856 871 889 937 970 
69 110 127 128 134 209 251 273 285 319 382 575 612 753 776 847 863 873 875 900 921 948 967 988 
92 146 180 198 303 351 504 512 522 546 569 581 594 631 672 676 724 918 923 960 
2 79 181 253 324 390 518 521 656 666 830 888 960 994 
41 126 145 182 235 271 295 320 332 343 417 477 493 557 600 606 655 747 798 827 955 
58 72 170 312 351 498 506 524 526 613 680 803 945 974 986 
24 69 95 111 128 183 317 450 529 558 567 575 616 632 657 700 794 809 898 
58 106 146 167 201 256 295 449 662 666 667 756 784 797 841 865 905 964 996 
23 32 47 52 223 249 305 306 407 497 532 541 621 669 891 901 922 
27 33 76 141 293 346 399 439 505 615 616 647 669 736 763 765 772 870 961 
42 64 114 146 194 227 248 275 309 325 338 344 436 444 499 519 522 631 743 774 775 789 793 868 919 969 991 996 
44 49 54 86 257 272 311 404 482 502 565 628 660 677 752 760 878 898 923 925 931 939 973 
25 127 198 199 258 259 309 336 344 401 446 465 576 807 853 893 994 
20 58 103 120 138 215 257 512 518 528 641 690 715 821 822 844 858 861 886 909 935 980 
18 46 226 247 248 354 389 419 485 493 505 538 638 680 758 764 775 864 902 956 
171 211 321 352 483 550 586 591 666 711 871 966 975 
46 71 97 101 180 181 196 290 352 360 410 415 486 487 538 551 557 564 707 885 902 985 
65 125 210 243 247 335 383 405 430 510 556 582 618 624 664 808 879 939 989 
24 60 76 104 167 185 203 425 599 610 673 679 775 799 802 883 895 946 
162 193 196 260 451 481 535 583 598 622 628 649 653 769 866 868 
49 86 169 208 224 368 439 603 626 634 637 671 693 748 794 806 971 
62 94 133 139 198 289 292 355 379 403 452 468 488 489 508 572 573 576 661 720 864 945 956 
5 50 118 164 259 269 285 287 342 381 437 472 508 535 623 625 680 728 733 962 
5 79 152 219 260 265 327 339 346 534 541 579 590 693 733 778 804 827 875 974 
40 139 383 422 477 528 629 643 648 649 668 748 769 791 796 827 947 974 
37 62 116 142 182 201 241 269 342 387 435 459 526 630 631 644 679 696 725 759 762 786 820 950 
23 86 182 411 458 519 558 605 690 707 799 835 887 899 904 950 990 
0 6 95 116 186 255 442 498 590 615 641 646 778 784 790 802 820 852 988 
131 159 181 247 306 347 368 371 424 427 439 604 631 790 818 822 844 846 886 940 981 997 
113 124 141 181 233 236 241 272 327 470 491 517 565 569 733 767 806 841 845 853 865 879 896 931 958 969 
14 62 96 206 255 290 333 341 367 403 418 464 522 524 561 578 582 684 718 819 
36 63 134 144 145 157 283 341 344 425 533 602 613 707 768 838 901 940 970 995 
0 47 56 102 216 248 268 300 382 516 533 594 687 751 756 806 814 817 864 904 908 952 957 971 
145 173 597 614 638 666 783 840 862 876 904 
15 57 138 182 209 258 273 278 316 366 398 442 657 718 783 867 884 889 907 921 922 925 938 976 
52 237 247 299 323 361 456 466 521 564 588 639 698 732 786 844 891 902 975 
232 299 305 384 476 547 552 559 612 660 717 746 860 868 942 
0 19 20 29 32 95 168 190 246 254 292 395 454 460 478 754 767 913 928 996 
27 36 76 274 345 349 512 563 614 654 664 670 753 783 838 863 912 941 967 
49 61 172 178 188 260 447 467 521 561 625 630 654 669 700 849 
70 103 107 113 119 152 231 290 303 309 345 348 355 417 420 501 510 551 610 622 636 655 736 745 787 801 874 884 
19 66 83 133 140 152 356 406 514 525 590 596 710 760 769 791 936 979 990 
8 21 91 99 103 124 198 205 221 233 294 326 392 402 404 510 633 655 688 697 698 710 768 831 864 872 
98 147 211 282 331 413 425 432 483 494 495 551 610 681 897 974 
40 60 144 153 186 218 309 310 384 511 567 574 580 688 710 803 872 884 903 
45 69 103 114 177 188 288 322 387 499 543 572 622 810 848 924 943 
426 486 511 534 569 589 607 615 665 747 830 889 893 949 985 
8 19 180 181 195 200 215 288 370 380 390 528 529 551 630 698 702 713 729 753 756 927 957 994 
39 80 143 180 223 233 277 305 316 365 435 480 606 614 649 672 680 752 800 810 906 918 920 959 970 
9 12 21 60 239 240 286 324 399 416 498 525 569 647 655 658 796 832 860 883 926 
18 19 52 72 101 183 193 283 301 379 400 409 484 545 630 671 689 712 773 884 992 
32 412 467 515 520 566 584 657 672 689 740 768 793 896 912 
51 109 141 205 290 294 327 360 370 387 408 479 561 582 638 673 708 750 765 794 818 866 926 958 
68 196 323 363 373 389 391 406 409 425 461 577 635 758 777 791 830 881 969 998 
20 34 96 97 155 176 213 255 262 322 379 428 546 563 642 730 839 851 878 884 917 961 
24 95 188 196 234 251 386 388 423 497 566 653 674 792 816 826 846 864 895 918 960 973 
33 38 128 265 439 450 451 581 617 626 627 631 635 670 703 749 796 963 997 
16 43 45 64 133 193 213 261 354 382 415 432 491 516 538 605 609 618 664 684 703 783 861 899 905 910 931 933 975 978 
41 56 65 66 136 213 267 307 380 556 572 580 621 633 634 730 776 783 847 882 
98 115 185 462 512 588 614 635 695 808 813 914 924 976 
116 136 150 175 193 224 290 339 357 361 403 410 445 476 489 556 560 600 670 817 986 
110 141 344 405 419 422 525 600 655 683 686 748 763 775 793 898 903 907 980 
62 73 246 255 271 332 334 396 524 536 593 649 710 829 907 952 977 
80 82 136 221 286 410 449 530 565 588 597 604 684 690 723 759 776 798 848 853 900 969 
36 78 116 268 295 297 374 380 391 450 490 500 502 544 565 599 615 616 617 670 676 699 712 750 757 795 839 864 876 952 994 
105 157 174 194 253 289 377 557 608 636 681 693 717 743 748 781 793 797 827 846 923 969 986 
36 115 138 147 173 218 224 225 266 317 358 362 414 463 589 697 750 866 880 892 
39 111 126 136 152 154 158 182 193 212 258 279 454 480 551 584 621 731 778 788 815 934 997 
47 79 126 149 219 342 368 402 408 435 516 546 614 752 762 836 886 887 897 919 962 998 
14 92 132 166 200 243 359 386 467 505 635 700 715 772 797 846 883 919 
32 82 145 165 219 382 391 408 469 479 510 594 639 694 723 763 768 784 850 904 
13 179 285 389 495 528 613 669 677 834 947 
32 139 222 311 357 358 406 566 680 715 846 860 891 
8 9 81 104 127 457 480 507 509 542 596 601 612 659 733 756 880 895 916 972 977 
32 60 91 95 102 116 118 223 243 285 312 314 362 471 519 564 572 690 769 825 892 898 900 976 
0 66 173 186 194 202 233 240 278 309 313 315 338 373 405 465 494 527 564 571 574 614 724 769 773 844 895 960 
120 193 243 275 325 389 415 467 550 651 668 730 734 830 831 904 933 961 988 
19 50 101 202 260 281 336 369 390 459 516 525 535 545 558 657 731 769 775 786 799 849 920 926 966 
0 147 148 189 259 371 381 485 560 641 681 683 728 769 831 917 918 942 969 
47 109 185 228 233 236 317 402 425 483 491 538 551 570 571 575 641 672 875 884 958 964 979 
30 34 176 229 248 263 302 351 356 379 465 474 710 747 770 808 
26 43 119 120 170 171 181 221 261 286 324 358 381 395 565 613 722 733 741 775 796 827 859 904 969 974 
78 90 104 106 156 191 226 530 565 566 575 599 723 813 919 952 974 
25 78 177 183 224 268 286 296 355 378 444 506 559 568 645 764 835 895 
96 102 107 111 143 151 206 282 387 413 475 597 888 969 973 
49 54 78 241 297 326 351 410 542 753 757 758 779 848 860 891 893 
14 32 66 130 233 377 394 403 405 488 580 637 649 670 698 728 883 902 992 
38 50 77 79 148 198 268 297 311 325 365 374 397 463 511 534 535 547 615 643 724 775 777 936 962 965 987 
11 20 117 178 235 258 270 292 305 566 600 719 769 770 803 820 883 914 919 969 981 
12 112 194 215 230 243 276 340 367 421 577 590 733 754 855 982 
32 70 73 197 271 578 602 629 683 704 734 785 786 802 889 
25 32 72 224 295 304 308 478 637 645 688 742 797 802 808 814 843 870 949 
147 272 277 287 301 356 409 437 475 604 659 725 727 901 937 953 
44 130 248 394 475 553 599 803 870 923 967 994 996 
2 112 117 226 272 391 474 545 595 705 744 862 866 921 940 
21 243 301 347 408 414 476 517 570 621 652 671 672 826 833 874 907 954 981 983 
12 86 97 215 229 323 330 398 426 431 515 594 614 722 774 853 903 910 
50 76 196 197 205 220 223 291 380 418 425 450 542 664 738 
7 89 125 251 360 375 430 436 469 662 766 827 851 911 
1 19 64 206 322 342 429 432 469 533 648 661 765 777 833 879 942 
34 51 127 153 311 323 358 365 389 416 418 444 579 594 680 737 897 
55 207 241 449 473 516 641 645 671 700 747 765 777 804 807 842 917 940 963 994 
9 48 122 143 147 322 323 387 406 512 533 594 618 798 829 868 882 898 939 999 
62 151 155 191 248 367 376 494 521 523 544 548 577 603 624 638 714 769 831 848 900 923 
37 73 134 160 175 208 222 291 363 376 385 388 401 454 466 513 529 603 628 720 820 877 896 941 963 981 
140 251 260 313 317 339 341 455 484 531 560 583 587 610 683 767 895 933 988 
0 35 137 140 156 168 234 287 294 326 330 337 468 526 527 573 717 749 827 881 913 940 978 997 
35 52 176 211 252 297 426 488 520 550 601 635 698 740 757 775 885 970 999 
59 68 70 135 140 169 198 254 289 359 384 394 402 428 484 562 574 590 631 651 759 795 800 805 872 932 995 
20 31 105 213 225 235 296 298 303 392 429 458 568 671 765 792 937 
56 63 64 134 148 238 245 275 311 339 509 596 693 694 762 855 940 997 
68 115 122 134 165 200 218 302 353 370 399 413 523 570 593 717 747 820 881 933 951 980 989 
0 46 88 108 157 227 249 333 406 415 482 485 529 532 562 575 633 
110 136 274 329 401 481 559 587 599 704 744 770 776 777 823 852 864 
6 26 75 100 160 186 247 358 380 383 434 440 485 488 530 562 589 591 608 647 667 742 832 895 956 
86 130 290 309 520 540 548 604 628 682 705 720 728 781 784 787 848 862 870 925 937 940 962 
161 308 312 325 349 414 457 475 512 546 550 587 590 591 625 688 701 720 786 822 847 869 881 958 977 989 
23 25 115 340 416 441 547 551 646 697 719 750 761 806 854 864 933 978 994 
135 208 224 232 270 277 314 327 382 395 457 468 493 524 590 601 654 678 706 715 758 789 859 891 897 903 941 972 981 
102 135 140 248 256 276 353 387 392 443 467 503 562 565 609 644 652 754 846 850 864 865 917 
2 159 201 225 254 295 300 332 357 396 493 543 554 604 647 679 737 798 928 947 
51 196 207 214 215 265 340 343 360 367 429 448 534 558 672 769 784 900 939 
68 103 107 118 176 200 267 330 418 433 471 481 512 513 519 586 594 641 696 768 781 800 871 
45 117 134 230 279 383 495 515 568 756 758 822 959 
7 49 84 102 147 219 220 256 301 312 335 336 361 362 371 383 426 437 468 502 519 541 598 752 854 
110 154 155 279 309 356 461 511 572 580 598 600 606 618 655 806 812 855 919 933 934 970 971 
37 142 146 284 286 300 318 331 344 368 431 444 451 507 522 605 833 892 893 910 993 998 
11 43 74 235 255 404 439 586 595 609 702 723 744 769 778 792 815 984 997 998 
27 97 116 163 169 191 295 382 478 606 626 655 914 925 
90 132 416 560 598 732 879 
32 35 99 151 174 311 367 378 382 443 482 487 587 671 723 726 739 763 797 831 854 922 
2 158 169 329 335 369 402 441 539 762 767 803 889 890 902 
109 135 190 210 233 280 298 361 385 458 567 618 771 858 968 
6 143 158 178 262 305 337 345 413 439 483 487 506 535 613 706 805 918 942 988 
85 161 180 184 283 331 360 393 486 600 637 736 799 895 967 
26 138 267 276 438 526 535 632 640 706 916 928 938 965 
57 110 165 258 465 634 644 669 675 765 870 920 965 982 
87 142 146 212 262 389 511 536 589 607 613 644 679 684 692 814 878 915 928 951 
98 137 179 290 339 438 455 561 623 676 714 752 862 865 906 934 970 
3 10 40 46 117 190 242 273 395 522 544 674 719 797 812 908 911 969 
54 72 75 82 118 129 159 200 252 453 565 620 630 640 651 735 737 796 840 929 937 938 991 
119 237 323 324 360 416 422 423 444 458 480 556 823 872 889 939 954 957 992 
1 35 47 50 70 88 93 110 168 205 267 281 303 433 486 657 658 729 853 905 922 951 975 979 998 
5 7 48 76 108 199 272 274 345 415 418 452 476 492 554 584 632 648 677 687 688 696 713 774 789 823 828 861 885 966 
53 55 63 102 178 186 239 253 262 269 277 301 333 340 510 699 738 741 747 772 790 852 892 914 959 
101 107 197 255 478 576 577 593 594 763 782 846 872 913 931 988 995 
54 75 139 225 261 323 450 594 662 830 835 939 984 
23 30 157 171 210 388 470 516 585 610 706 721 873 945 
64 105 127 141 150 154 157 170 195 215 244 251 354 377 476 500 513 568 809 856 862 875 881 883 938 981 
43 114 206 303 317 398 421 434 564 615 630 711 889 917 953 984 
35 85 165 171 188 230 293 308 311 355 375 380 405 424 462 480 573 651 746 758 840 845 861 922 957 974 
92 101 109 115 159 186 188 218 277 285 313 321 367 490 555 623 715 731 949 987 
44 114 138 168 229 260 383 441 541 633 659 885 972 
167 289 295 352 389 438 472 478 485 507 536 599 674 685 702 791 899 938 
0 132 180 189 226 256 293 345 354 395 421 544 606 778 850 869 932 942 984 
6 21 70 124 193 210 272 303 321 351 397 407 478 516 578 662 687 690 699 724 780 894 905 993 
11 128 131 132 174 186 199 275 326 342 354 391 458 485 493 509 555 587 596 614 814 842 998 
67 69 76 125 186 255 274 288 375 432 565 627 733 801 879 
45 78 85 98 127 146 155 164 181 224 308 349 435 458 494 744 795 934 942 987 
10 81 161 211 219 242 250 355 367 425 445 495 571 592 621 720 798 829 864 891 893 
9 24 163 172 266 357 370 397 399 450 483 496 526 639 693 761 765 782 880 917 
183 253 277 284 287 289 346 544 605 678 719 793 830 849 872 
37 81 116 133 150 206 233 235 320 346 427 529 576 605 658 669 693 705 793 812 848 870 876 891 
12 33 54 149 158 189 203 367 420 429 453 538 554 620 663 674 717 793 806 879 899 943 
27 60 66 82 139 162 224 403 418 429 458 508 555 583 686 701 729 821 861 884 919 
192 205 341 596 634 679 718 785 814 838 
36 151 176 205 255 282 293 515 535 615 644 666 806 884 905 952 953 994 
73 214 218 265 319 330 351 355 447 459 768 794 823 839 847 858 862 905 960 973 977 
42 78 193 225 239 291 389 422 533 560 693 717 743 767 801 838 
17 64 105 222 261 284 394 401 536 568 645 660 672 674 831 894 
3 87 151 216 218 225 258 275 347 475 535 540 570 643 650 857 881 888 930 952 975 
37 148 149 171 178 339 344 390 407 428 454 487 648 787 805 841 892 899 
116 165 232 305 320 321 334 340 341 344 400 414 445 457 550 557 559 577 698 699 837 927 928 
64 91 93 151 187 209 220 231 246 248 280 284 300 325 355 363 424 431 442 508 637 719 722 808 867 883 905 931 959 993 
13 55 105 127 136 152 185 213 239 242 279 331 398 426 429 493 497 509 536 538 540 547 553 554 652 670 740 834 835 856 921 
96 117 148 151 164 281 292 316 322 621 648 670 723 821 845 858 867 907 924 957 
29 112 273 508 632 700 743 772 816 845 961 981 
49 72 95 243 315 489 510 559 632 648 667 695 742 825 865 884 911 970 
51 232 266 305 320 490 564 617 755 824 864 890 
44 108 156 188 222 301 310 319 345 361 382 406 455 458 492 510 585 612 614 665 666 674 719 812 910 929 
18 43 70 72 135 151 166 211 241 379 387 405 407 430 486 529 535 605 608 644 785 817 972 
114 124 188 253 269 315 321 389 425 446 609 797 817 831 891 
75 115 193 241 338 388 406 481 489 522 542 576 592 661 664 760 768 831 859 893 897 960 998 
71 121 170 184 235 388 395 406 439 497 545 579 605 697 729 751 763 766 784 787 858 
20 107 164 335 452 500 508 539 596 716 722 728 764 873 981 
3 44 50 88 151 231 234 358 380 601 660 681 686 710 778 854 917 932 954 972 
37 128 133 203 329 367 371 395 480 501 505 607 656 686 720 786 855 
75 167 197 201 205 236 240 268 337 375 393 399 428 473 482 643 678 682 690 736 814 839 866 868 883 915 931 943 993 
25 27 131 251 281 346 371 630 676 737 757 826 871 883 931 
12 59 67 116 123 128 180 181 236 254 350 492 497 537 571 669 736 781 786 791 798 809 821 924 933 998 
25 27 174 189 212 245 298 351 428 580 787 815 898 899 965 985 
16 74 114 154 304 314 315 361 377 481 564 790 801 832 951 979 
77 83 108 163 288 290 328 339 364 449 463 477 597 662 762 781 833 857 920 925 
29 119 146 152 308 363 404 422 543 615 749 752 765 857 
67 115 185 223 233 338 378 386 537 674 691 697 711 870 934 957 
2 28 108 116 144 149 289 324 399 528 543 560 582 643 758 800 814 822 823 839 841 883 903 916 931 978 
125 240 244 296 331 400 401 443 447 536 555 575 685 697 849 865 888 933 980 993 
10 79 128 150 207 215 241 315 333 486 531 613 648 683 853 999 
63 121 165 209 246 247 270 282 315 336 348 391 472 491 519 540 560 565 653 687 892 994 
95 176 420 500 505 635 708 791 802 918 930 952 960 
107 122 206 302 394 427 438 476 598 622 714 734 790 823 
59 130 151 233 314 437 461 492 583 652 675 836 867 923 986 
59 94 103 185 274 387 398 406 447 453 463 473 528 570 577 633 645 666 713 753 804 810 891 992 
16 20 254 352 392 446 510 566 622 659 702 712 810 863 864 906 909 998 
4 30 55 111 131 236 294 307 382 510 528 566 722 736 803 810 980 982 994 
6 34 103 127 154 156 181 209 239 252 304 343 349 360 387 434 458 468 479 545 602 609 628 630 731 815 911 931 936 951 
15 22 26 38 44 57 62 114 223 238 247 308 344 360 447 457 468 731 735 809 828 928 937 971 
94 107 295 298 312 387 467 519 528 663 699 810 953 958 
14 49 179 219 240 279 341 382 419 457 501 551 557 609 625 640 728 731 808 819 904 910 970 995 
6 8 22 156 196 224 272 305 863 
44 71 73 113 128 253 315 324 358 553 582 851 949 
19 23 129 212 223 295 331 348 366 407 446 538 635 728 790 825 869 948 
98 104 153 281 284 383 400 446 465 502 509 574 585 601 661 676 691 697 735 834 840 884 908 927 
26 33 47 150 218 385 389 482 534 543 708 776 846 860 863 891 911 953 
68 84 94 96 137 150 246 260 298 403 426 438 454 489 557 653 714 783 807 872 879 938 941 978 
19 25 67 76 176 182 197 202 411 412 443 513 523 548 750 819 832 873 908 963 970 
73 91 133 170 181 411 461 470 556 590 777 816 889 893 930 
86 113 115 123 159 171 231 247 262 269 305 330 342 432 450 468 501 560 637 674 680 731 732 839 858 
19 290 304 443 457 509 515 553 601 641 691 723 749 801 837 897 968 
12 35 75 93 114 142 149 261 340 523 526 617 623 710 713 718 727 751 906 963 
40 165 213 278 290 314 352 363 494 650 654 711 736 737 739 860 872 990 
26 42 65 116 142 240 432 513 515 543 607 616 739 803 847 890 912 920 925 
31 54 102 103 225 237 258 314 317 356 516 527 579 615 703 711 756 829 914 936 944 
15 71 107 165 177 194 197 232 290 300 323 345 346 393 402 447 469 478 569 596 716 734 818 836 862 867 892 912 966 
5 91 100 143 146 154 293 302 328 330 356 413 468 583 648 776 799 806 838 850 853 868 926 946 959 
40 76 113 135 172 333 351 384 406 419 420 436 451 512 544 596 606 673 763 771 781 791 803 885 895 941 
107 135 148 167 195 229 244 288 332 358 391 414 475 558 606 634 716 843 977 993 
43 60 167 236 264 297 346 356 411 414 503 504 616 630 667 686 701 724 789 866 934 938 953 998 
37 134 151 158 170 184 186 266 284 389 419 463 498 653 700 708 769 826 918 
7 13 102 298 528 547 639 659 706 719 725 770 833 848 866 920 978 
58 142 181 187 188 189 312 319 477 585 625 664 694 768 853 916 999 
5 158 189 291 635 672 711 732 767 834 883 939 950 974 
4 48 73 375 485 487 528 543 613 671 694 722 884 885 
66 153 169 183 228 242 256 316 345 440 458 474 509 618 629 667 739 774 789 814 925 926 929 948 
35 79 115 188 199 203 244 310 323 350 352 537 558 620 662 732 757 767 776 796 797 812 862 948 975 
115 175 299 347 366 382 525 572 577 582 622 658 688 709 716 719 
5 12 100 108 159 167 261 358 470 679 718 805 832 858 864 884 886 932 
6 259 267 291 335 338 416 430 496 520 560 576 674 678 693 712 804 843 869 885 903 905 
97 105 119 164 183 204 265 294 312 352 374 409 423 429 514 534 576 688 707 744 791 869 891 929 937 
66 105 194 214 317 362 448 461 469 488 585 642 648 690 724 766 777 816 908 951 
140 144 146 163 226 233 266 302 313 372 619 661 696 751 956 
74 77 95 120 177 221 277 292 442 456 521 572 590 603 616 668 702 743 795 805 809 853 978 
68 104 184 191 267 307 486 500 522 551 600 671 687 765 916 930 933 941 950 978 984 
16 222 251 263 329 403 432 474 557 620 661 673 698 707 708 769 864 875 907 910 991 
76 291 335 358 399 433 497 635 666 782 853 935 985 
99 126 128 130 135 140 170 239 304 342 352 363 429 465 481 560 632 633 683 691 813 820 833 913 972 985 988 995 
128 143 190 222 267 389 524 531 536 537 571 722 790 800 886 
38 71 100 119 208 249 297 303 370 401 544 546 549 564 572 593 602 643 755 799 802 849 880 892 906 962 999 
21 27 87 99 111 161 235 283 341 389 440 491 497 603 662 869 924 974 976 
67 84 172 173 178 228 256 306 322 378 456 468 565 638 646 667 682 686 753 776 787 901 928 930 950 961 967 
223 293 332 597 598 634 638 685 695 737 813 825 924 974 
135 292 311 348 363 500 527 529 586 651 663 693 741 792 804 832 864 905 920 956 962 977 
12 67 91 102 168 224 229 271 274 307 349 415 454 603 797 857 863 866 878 920 978 
110 132 155 158 160 213 250 307 375 389 408 462 470 533 550 575 621 772 804 906 923 979 
10 18 179 190 223 227 263 268 284 296 321 391 400 686 718 737 816 910 934 969 
51 73 91 117 130 165 219 238 270 273 360 537 569 582 648 649 671 686 708 754 809 848 894 904 949 962 984 990 
28 29 55 65 196 269 271 329 378 433 471 474 602 630 680 711 726 929 
40 126 237 306 362 365 401 544 561 796 815 916 977 
19 55 79 147 191 235 259 407 485 546 560 751 783 787 860 961 
14 32 62 70 82 160 244 286 336 516 526 687 711 762 763 
21 182 377 383 415 467 474 580 598 646 672 700 731 790 817 819 824 950 999 
31 90 102 110 261 282 316 349 397 402 419 441 506 520 551 582 655 672 709 799 819 856 930 965 
51 177 238 393 428 486 536 563 600 605 673 789 897 
10 27 95 116 174 257 390 424 434 456 465 497 514 569 621 644 751 803 885 
30 94 103 165 206 210 320 365 372 382 518 531 619 626 635 749 752 780 791 832 920 938 
3 40 74 80 108 145 193 229 557 724 752 896 
7 50 82 102 128 139 267 421 472 490 513 547 551 590 606 630 690 697 760 879 999 
1 53 83 114 145 231 282 352 448 469 538 545 562 570 595 735 764 773 813 829 854 895 958 
52 80 126 148 168 204 263 394 399 455 630 715 755 806 878 
35 257 309 367 395 399 434 438 529 561 582 602 699 706 711 730 755 786 835 887 922 
13 28 63 117 157 209 249 307 393 481 515 631 745 790 834 902 922 984 
22 42 94 107 158 185 227 284 317 365 430 451 534 537 540 582 596 638 714 758 791 854 886 919 988 
0 181 243 300 324 387 450 642 698 741 743 789 816 898 910 936 978 
75 78 96 187 205 403 435 458 706 770 882 890 895 912 915 963 981 
1 116 195 292 295 492 527 539 684 713 762 772 792 960 
34 41 116 198 304 396 500 531 538 541 750 766 783 953 982 
4 50 62 103 128 138 167 242 256 373 385 477 499 576 577 591 594 777 864 884 897 
17 25 196 223 225 294 327 378 403 464 479 500 523 559 568 603 848 872 912 922 930 978 985 
33 74 151 174 277 296 302 382 442 512 535 562 564 650 685 762 936 973 990 
8 55 79 90 132 157 206 224 268 286 304 357 403 405 513 525 547 556 557 620 631 647 682 702 743 810 811 827 855 863 925 933 935 963 
0 68 145 148 191 259 406 432 448 454 498 510 528 551 576 704 719 787 828 913 942 946 
43 47 52 134 180 183 205 240 246 250 288 315 440 488 506 516 545 598 602 624 626 631 637 663 684 688 703 728 758 776 907 917 988 994 
2 66 121 229 242 250 358 366 422 430 520 545 572 574 620 666 743 872 906 930 966 
113 124 227 234 248 333 401 428 430 464 465 507 551 566 596 691 714 736 849 910 974 977 999 
94 111 145 167 243 251 270 276 296 298 323 339 399 549 570 626 792 795 858 879 907 911 948 952 
0 25 51 119 120 173 353 360 366 538 552 651 689 710 742 748 793 822 832 844 896 981 
46 53 150 210 233 290 294 352 467 476 498 540 551 579 685 752 851 916 940 
94 103 118 204 290 302 306 313 329 344 455 495 506 571 643 697 711 817 847 855 905 
17 87 134 234 312 377 386 399 460 479 520 561 572 705 736 797 921 923 989 
98 116 135 212 217 258 320 336 502 516 636 696 698 739 752 802 842 864 959 992 
89 102 146 167 271 285 375 434 462 481 487 597 645 719 733 736 757 767 833 867 
15 20 42 110 120 161 212 239 241 245 254 296 314 332 398 400 435 447 509 510 525 538 541 665 668 777 862 943 963 
39 44 50 119 160 198 250 318 324 382 446 525 629 858 869 974 
199 217 298 331 378 402 485 507 623 650 665 720 818 824 857 893 
54 61 66 134 311 369 379 389 456 476 521 543 659 715 759 786 822 842 875 920 937 970 
86 96 144 267 300 305 308 318 325 340 350 406 444 554 601 672 691 696 705 773 776 784 806 849 856 880 884 902 910 929 965 
143 147 153 166 170 267 280 373 383 414 447 450 505 594 615 649 696 722 747 762 794 795 821 868 880 891 899 913 990 
23 40 128 312 472 499 598 609 641 670 684 709 735 739 980 
89 143 153 163 202 273 340 400 414 450 512 516 543 553 590 630 681 829 884 890 954 
194 202 263 329 346 531 538 697 700 713 745 755 766 830 921 974 
29 45 170 230 237 303 326 338 385 418 425 506 595 624 639 644 652 
57 118 123 145 243 258 368 393 407 533 650 683 707 761 924 927 
52 111 118 155 250 254 312 344 448 515 606 637 712 820 853 915 939 948 971 
35 52 118 155 165 180 350 363 397 470 650 651 801 
141 193 293 319 466 475 476 490 497 529 624 630 643 663 679 797 798 827 940 
25 137 185 197 256 334 418 643 704 823 835 912 916 
31 80 117 193 204 214 360 398 478 572 587 692 759 779 813 881 
52 54 202 228 252 253 284 402 415 428 431 435 443 498 513 615 670 687 707 744 749 833 936 956 
46 61 98 143 233 290 296 392 413 435 460 486 567 588 621 632 648 680 685 760 764 795 814 885 895 900 956 958 962 
22 33 36 156 229 239 259 264 384 480 592 703 762 785 835 884 977 
33 57 135 259 354 360 363 451 475 517 583 668 674 783 807 871 888 980 
3 18 69 123 293 480 489 495 523 580 614 683 700 771 860 915 940 
35 45 65 78 79 91 94 123 130 133 202 263 497 599 610 715 858 919 991 
7 86 116 130 186 255 273 274 333 365 372 446 454 459 477 592 622 711 762 823 878 903 928 984 
27 55 77 119 120 131 144 153 208 227 277 311 409 416 476 497 515 576 601 651 808 861 862 
47 91 97 180 198 225 227 283 294 483 528 529 536 564 608 637 643 679 736 756 812 824 861 959 
20 48 120 227 246 269 282 331 358 364 415 424 436 459 493 534 541 575 638 645 775 786 792 830 911 981 993 
38 58 269 287 437 499 511 555 560 624 658 673 716 737 862 939 952 994 
8 33 101 368 409 422 482 486 525 568 627 632 725 731 734 817 906 929 963 966 997 
54 61 77 103 138 185 196 229 254 295 318 385 392 431 444 456 501 628 634 637 741 751 776 852 878 880 908 936 978 
104 118 168 302 326 349 358 365 384 386 500 636 696 707 746 771 831 844 881 912 
55 128 138 145 155 168 191 343 417 598 650 715 729 818 840 865 911 980 
107 130 232 233 357 393 434 502 505 567 645 682 688 700 748 824 910 922 923 945 998 
42 80 99 223 249 286 314 346 516 566 651 682 715 719 783 819 862 987 996 
9 98 114 134 167 177 180 235 297 302 319 327 375 380 441 447 458 468 509 609 613 624 656 674 753 821 
3 29 46 67 224 235 237 275 350 374 482 488 526 555 613 626 637 645 736 738 745 775 778 890 
5 39 71 72 135 194 297 356 385 387 474 510 512 686 697 765 802 818 872 876 917 983 
3 46 47 91 112 266 295 454 484 538 586 608 644 698 830 842 899 910 988 
82 86 184 243 332 359 414 552 684 761 793 821 845 942 969 971 
45 105 156 223 264 445 464 481 510 572 710 713 736 738 821 952 977 
0 5 28 109 119 177 212 258 273 289 299 383 419 566 654 701 751 795 798 806 901 920 928 953 
37 38 42 72 183 298 377 390 435 443 500 530 568 588 646 651 669 715 801 885 952 
120 140 175 292 349 410 425 529 553 688 694 847 857 867 870 914 923 933 
27 80 91 113 132 214 308 472 532 539 550 565 600 607 675 765 776 807 917 969 
23 114 168 193 218 232 242 304 358 424 520 528 576 577 610 844 851 954 
12 54 70 174 362 431 474 491 534 563 690 694 698 710 715 722 768 865 880 987 997 
21 179 239 286 299 370 428 467 468 492 593 599 612 670 703 712 734 763 779 850 946 
35 105 199 298 306 383 429 476 498 500 509 516 519 596 651 659 813 843 919 947 
49 109 111 114 117 194 202 331 335 352 401 456 479 492 502 530 573 592 679 841 887 924 
34 72 107 108 114 125 223 325 340 393 429 450 477 479 693 710 756 803 897 928 
122 248 310 315 331 350 382 385 476 498 623 672 701 718 745 747 803 948 
76 111 125 159 224 293 356 494 535 597 604 629 635 675 676 701 703 710 738 790 801 917 979 
18 22 31 59 148 160 210 221 244 334 343 421 449 474 484 487 597 727 756 836 860 947 951 959 
79 154 273 351 352 486 503 509 747 752 766 897 
66 110 177 239 426 484 519 553 563 579 581 583 672 696 747 759 779 859 943 948 955 984 998 
105 128 224 246 289 347 379 447 516 523 637 696 719 728 735 739 864 872 921 933 
38 159 184 203 211 251 255 313 343 480 517 521 659 806 861 868 883 918 971 
42 135 167 241 251 311 386 435 583 601 644 650 702 724 809 817 875 878 880 915 965 972 
112 136 139 153 184 218 237 297 310 405 575 675 740 757 758 798 872 879 907 912 937 985 
44 67 121 162 187 354 373 378 635 686 732 749 792 850 852 877 902 964 
39 114 158 213 323 351 357 466 514 515 559 623 657 662 748 811 866 938 949 993 
2 19 21 39 60 126 227 231 246 257 259 336 353 369 389 412 566 587 595 604 731 893 
32 45 66 93 111 189 241 345 371 471 596 621 725 916 993 
71 161 258 292 377 482 500 519 658 728 837 884 928 934 936 
62 90 112 187 236 309 326 361 425 428 445 460 461 468 575 590 663 760 776 821 901 944 973 991 
88 121 230 307 345 370 421 429 442 541 624 629 766 776 836 900 978 980 991 
181 217 229 258 267 301 327 365 393 397 441 466 480 528 603 611 666 698 762 842 867 908 966 971 
20 41 64 68 112 270 289 328 336 344 362 364 393 517 535 594 671 740 793 805 831 870 919 990 
22 179 228 242 249 281 290 349 382 388 428 475 509 545 553 750 824 892 901 960 998 
55 111 114 124 165 393 513 539 542 590 646 763 825 882 884 960 966 
61 121 270 368 485 610 666 678 723 764 868 906 950 958 
71 133 150 247 268 294 323 327 361 368 369 376 397 436 520 531 569 578 607 658 660 864 872 873 939 987 
24 93 226 263 443 487 530 583 614 624 665 698 757 768 869 921 
9 59 62 212 219 235 426 443 652 655 715 731 737 766 
14 19 23 67 113 122 140 214 221 372 390 460 514 551 600 657 753 780 782 787 826 833 844 889 892 894 984 
245 248 271 273 288 308 353 363 394 405 505 513 514 520 531 722 761 774 786 922 959 994 
5 12 45 79 89 209 262 358 393 398 409 503 596 614 674 676 717 889 914 932 990 
6 22 56 205 217 233 272 351 374 779 785 834 893 953 
1 22 64 126 155 165 188 209 333 352 366 402 408 563 604 637 753 816 845 870 885 919 979 
93 168 181 340 352 376 381 395 440 706 766 819 822 830 849 853 854 869 917 932 964 979 
0 46 83 107 130 131 198 209 231 248 380 525 625 635 648 667 716 728 816 875 879 891 
10 104 127 281 322 353 389 429 485 514 729 744 770 858 
114 217 223 263 267 290 309 352 389 410 517 587 594 608 739 753 828 911 927 
85 90 133 146 153 193 267 287 317 355 385 419 500 572 623 714 718 756 889 952 965 974 
22 97 98 320 349 352 400 408 504 559 583 601 609 642 650 658 674 722 732 781 789 797 912 
55 104 203 222 295 305 312 392 589 606 611 618 678 731 749 764 817 820 853 905 920 984 
14 139 152 196 228 320 387 475 555 615 656 728 765 780 781 783 785 793 848 853 947 
53 71 78 205 215 252 258 313 321 389 394 448 550 603 655 707 820 829 843 868 877 883 942 
15 108 265 344 434 439 474 528 534 565 622 670 705 828 834 957 964 991 993 
33 189 190 226 273 302 341 374 436 492 537 541 585 644 672 771 843 846 850 885 898 
0 104 125 128 140 146 164 167 187 208 232 444 448 513 578 603 634 663 760 907 911 923 
273 284 309 390 397 407 458 465 488 502 510 517 554 580 782 830 882 916 961 
3 72 95 142 201 233 242 243 278 293 320 322 347 354 366 392 409 424 587 610 629 638 717 752 760 866 873 901 908 918 961 984 
106 220 252 262 294 354 433 514 616 708 726 811 878 889 896 903 936 963 965 985 
11 97 121 133 276 298 335 350 353 359 468 541 582 596 630 657 659 690 714 724 773 806 866 985 
24 31 43 51 121 155 206 366 374 447 499 505 565 598 657 713 730 747 753 851 920 939 980 988 997 
43 150 335 457 486 605 733 777 793 800 847 916 951 974 
33 99 141 214 231 333 354 406 438 482 554 617 687 751 797 935 
1 83 108 124 168 217 257 292 413 416 445 527 530 595 674 684 696 717 732 737 802 819 840 849 868 875 877 880 914 957 977 990 
43 54 79 114 131 167 173 188 201 211 217 360 422 470 473 496 498 532 548 659 666 687 698 790 817 822 849 851 855 856 930 939 940 
198 212 381 384 423 437 466 610 646 652 661 684 699 709 734 842 
63 78 113 117 135 168 285 413 449 483 544 551 566 635 715 839 891 903 938 951 964 968 
81 106 176 310 330 331 416 420 509 572 576 626 645 687 716 811 812 821 856 930 996 
9 27 121 122 138 205 213 287 356 379 388 479 549 620 642 703 704 754 926 991 
5 125 132 139 149 173 177 203 328 400 410 505 543 565 625 663 704 757 763 764 779 788 824 839 854 870 872 920 939 979 994 
16 61 125 153 188 199 202 221 275 339 358 371 430 472 499 506 525 527 572 576 642 739 743 758 769 771 880 961 
105 106 135 144 193 242 327 342 360 379 380 391 443 593 676 696 801 829 849 872 890 956 
24 67 84 110 123 138 142 214 229 233 279 421 442 449 483 491 499 512 576 581 608 673 687 789 801 809 837 884 890 924 956 
1 28 35 55 81 91 105 130 227 234 265 273 335 533 537 553 596 630 670 677 757 773 790 858 891 941 
17 51 104 142 152 197 243 254 258 308 309 345 375 504 582 645 713 721 827 841 941 978 985 
19 30 73 117 233 239 315 359 381 482 483 524 554 599 665 732 740 931 934 968 990 
38 47 57 122 171 222 234 248 250 260 295 355 384 451 491 543 591 600 648 677 682 684 749 792 800 811 815 
4 107 142 156 203 242 283 472 531 554 571 669 690 707 736 835 867 909 976 
17 23 86 196 315 342 344 379 414 469 568 579 683 798 818 938 942 954 
1 9 56 190 307 440 527 572 573 574 597 611 659 678 724 763 810 811 846 875 896 
3 31 95 119 137 219 336 420 564 604 652 653 714 737 869 
2 69 77 83 145 375 376 436 449 577 609 867 911 930 993 
27 174 175 250 332 350 351 416 512 628 740 749 755 803 902 987 
8 72 151 155 244 253 340 360 401 420 510 518 598 666 693 695 824 827 850 869 905 953 959 
11 14 110 133 137 160 173 198 301 318 402 441 442 465 599 733 742 905 907 912 945 948 992 
1 174 176 229 299 318 342 343 362 399 472 516 523 558 571 609 625 706 730 885 998 
18 24 70 116 130 161 166 229 309 362 423 447 499 540 603 647 653 667 910 935 945 
63 102 142 145 149 168 181 290 305 306 309 314 324 333 398 427 447 472 507 538 630 736 749 868 874 896 971 
21 93 97 115 125 198 376 423 506 540 559 574 595 601 603 619 653 668 684 711 740 812 836 881 895 907 963 992 
64 76 114 147 173 178 311 323 341 356 378 394 528 559 581 639 658 863 869 889 924 929 953 972 
44 73 88 112 122 128 153 156 184 279 317 354 371 378 396 414 428 479 484 537 573 712 714 753 
18 109 117 208 239 247 366 461 476 617 631 634 723 734 877 901 982 
78 83 84 85 303 314 383 420 566 590 751 852 891 944 
19 29 39 54 92 171 178 181 295 298 312 371 389 412 427 530 643 671 795 828 902 
44 46 131 189 336 340 391 475 478 593 639 653 674 687 808 846 870 891 956 
29 62 99 180 253 322 383 392 405 446 527 554 588 649 683 723 845 881 984 
6 9 57 78 148 321 322 410 510 517 584 651 667 800 808 867 874 901 903 909 927 952 961 992 
123 132 325 339 410 508 509 558 617 662 708 713 779 803 832 872 886 936 
43 93 154 186 246 262 392 471 523 568 639 661 662 696 749 781 834 840 938 949 971 
145 149 169 245 262 265 293 345 356 408 424 436 502 538 577 596 630 666 788 805 830 944 955 989 
164 171 183 186 194 244 276 287 321 324 385 404 586 669 671 675 763 780 873 895 956 
78 104 132 150 189 223 261 347 373 454 511 617 713 774 808 830 873 914 930 
31 259 490 575 631 688 689 732 768 873 950 954 
185 186 372 378 511 544 548 566 735 793 811 839 858 884 953 959 
5 52 78 79 147 184 289 373 628 739 771 776 783 861 940 965 968 
36 47 91 95 99 100 133 147 165 250 301 321 328 400 458 571 586 659 660 673 718 794 830 929 946 
12 54 78 119 260 261 332 487 511 619 842 932 
5 64 105 109 127 129 162 181 192 194 265 285 334 382 507 511 533 578 604 637 791 805 814 859 917 
249 277 352 406 482 506 560 680 776 803 805 844 952 
13 22 29 30 47 49 97 143 147 188 330 400 401 441 446 513 536 570 591 594 779 796 846 907 946 
39 99 116 147 164 177 196 256 268 280 430 444 561 577 617 678 714 784 792 817 832 840 869 872 886 899 910 950 960 981 
57 119 166 191 210 235 240 281 579 724 780 885 887 919 946 976 995 
22 23 25 159 240 350 387 391 454 466 514 515 573 591 615 708 789 795 896 897 917 924 
11 24 27 44 87 148 157 180 209 211 265 319 323 434 483 523 594 620 713 731 804 850 936 
2 7 16 73 86 203 210 259 320 419 456 464 635 655 658 783 926 988 
82 98 102 137 153 308 309 354 400 420 454 530 531 567 581 592 639 645 665 667 683 705 774 919 945 976 985 
3 102 159 164 231 243 277 285 391 418 435 568 616 762 841 879 938 941 986 
9 16 93 174 213 228 261 275 363 439 473 488 514 588 601 623 644 647 648 650 736 761 762 846 883 916 982 
1 4 12 24 175 198 246 252 269 301 574 617 636 661 762 794 808 829 952 969 973 
10 75 165 190 229 420 464 548 605 618 761 775 902 974 975 
80 218 230 257 259 264 369 512 572 575 586 621 642 648 716 732 809 828 837 842 864 877 880 937 958 
44 69 107 143 261 425 435 638 775 800 830 851 913 919 989 
49 53 84 192 234 286 332 354 371 428 430 504 587 589 620 636 723 731 751 772 817 868 917 957 972 976 986 
15 64 162 180 204 271 372 385 475 476 491 504 516 688 749 829 856 980 
12 40 42 152 212 228 312 317 514 684 722 727 753 780 782 815 937 
34 60 66 137 180 200 220 268 291 361 404 408 524 580 671 682 715 727 746 754 772 774 808 816 829 909 937 
48 195 352 366 387 421 452 453 468 492 503 609 636 638 651 772 864 899 937 965 
31 76 148 246 267 287 339 394 411 416 446 520 577 595 650 671 725 729 772 788 
14 25 50 74 91 100 163 166 178 184 215 241 343 373 472 677 930 931 940 987 
9 18 43 113 128 297 307 376 436 498 534 642 756 811 874 940 
134 153 165 172 174 215 221 232 298 355 375 393 435 453 562 684 688 803 838 842 851 938 985 
60 61 115 137 159 167 223 232 245 283 330 405 419 501 536 670 713 761 839 
7 19 60 129 270 442 516 574 617 712 744 783 798 828 832 871 943 947 
23 51 107 170 189 218 306 315 388 441 442 550 617 635 680 688 715 717 761 879 
50 152 165 176 220 225 265 338 523 556 629 665 680 699 707 776 864 940 979 982 
70 156 182 222 265 281 378 496 500 543 573 574 695 716 736 763 765 815 816 906 914 
66 103 125 149 185 239 255 315 352 362 366 392 397 522 665 681 746 903 924 979 
17 60 70 164 195 272 328 338 343 363 513 517 541 628 653 685 857 912 934 957 
29 35 89 97 200 205 206 235 245 291 296 338 369 427 593 711 806 829 879 900 937 980 
194 241 284 297 384 455 456 466 489 498 565 607 644 659 683 699 819 835 909 930 970 
20 34 40 58 89 95 148 200 217 232 258 408 409 429 542 574 578 650 678 799 892 894 
3 34 57 94 164 167 200 230 233 250 254 338 389 451 452 509 634 640 667 669 688 716 769 868 895 935 957 989 
33 82 94 122 147 220 289 430 481 501 506 565 568 612 701 706 737 754 842 922 949 951 
1 42 107 122 251 283 441 605 618 674 828 829 866 900 915 930 
50 94 95 110 166 215 218 284 285 312 314 320 366 373 463 471 495 496 567 602 640 694 740 745 764 854 873 898 977 
34 124 148 163 242 286 328 515 550 568 637 655 758 766 789 812 823 826 939 977 
49 67 158 166 194 218 296 309 342 345 355 409 556 566 582 584 587 613 626 664 687 760 761 818 847 850 861 918 922 953 969 
19 34 38 76 212 246 309 439 523 599 605 680 705 706 707 721 765 804 901 906 922 987 
18 142 201 242 285 352 518 533 547 556 578 638 750 803 869 993 
50 278 281 315 496 509 641 648 656 669 674 750 798 804 824 887 917 939 999 
33 49 84 170 190 211 236 244 247 284 313 375 378 382 438 590 649 697 719 815 849 850 973 999 
28 71 109 138 172 239 442 508 637 640 846 987 
10 54 112 137 157 192 270 294 344 366 377 488 489 616 693 754 794 801 816 824 831 881 904 908 
14 37 40 124 179 190 240 322 383 415 434 458 469 543 583 636 645 679 808 891 896 904 907 929 954 972 
2 4 71 129 143 154 157 224 348 370 397 411 445 483 631 656 700 760 789 842 932 984 988 
84 125 199 211 324 328 417 490 508 516 590 621 625 788 872 965 997 
142 187 220 223 239 259 270 281 303 334 358 406 418 440 468 503 524 532 552 577 626 672 745 749 791 808 823 965 979 
65 100 134 222 231 359 446 584 595 678 770 781 843 911 914 978 
0 4 6 76 168 184 211 213 217 232 344 368 374 465 541 568 572 596 634 642 655 708 751 759 791 842 897 905 
132 155 164 175 287 288 292 307 356 372 397 438 518 579 582 739 852 921 940 947 952 986 
78 86 99 124 181 223 264 407 424 466 471 508 553 596 644 666 792 798 874 944 969 986 994 
74 92 93 104 130 140 270 289 310 317 327 378 422 429 492 501 548 646 675 812 822 871 883 
68 79 176 194 322 406 448 561 638 696 725 755 759 767 830 894 966 
14 102 115 156 188 231 369 381 416 485 607 620 729 827 899 972 
4 25 86 105 183 196 272 301 370 384 405 436 454 461 473 542 561 567 702 757 764 768 780 902 
4 14 213 294 320 325 345 346 408 425 470 479 505 539 576 609 613 626 714 722 736 761 817 826 910 950 
33 62 125 216 305 319 327 443 447 458 493 494 527 634 659 703 735 757 769 807 875 902 904 941 961 
73 245 270 325 333 363 366 452 622 705 750 781 
116 125 170 197 258 276 308 378 457 489 500 526 560 645 646 647 654 659 683 742 780 871 
59 128 176 236 481 564 603 715 889 961 974 980 
36 85 86 235 285 291 329 461 484 502 526 534 561 563 653 656 835 903 960 988 
84 105 122 150 240 255 478 504 565 630 689 754 860 885 
56 126 150 182 196 222 236 249 275 277 279 286 303 314 470 481 525 718 811 837 898 906 910 972 
33 83 112 116 136 221 233 268 269 291 348 377 454 458 595 610 614 644 678 865 923 967 
37 158 204 206 229 297 386 436 485 489 517 558 587 648 671 734 782 874 976 989 
38 45 47 214 234 277 504 546 559 621 644 767 771 867 882 911 
118 178 180 438 490 510 546 640 646 723 838 899 917 
21 24 35 91 221 377 443 493 610 639 649 702 780 796 941 984 995 
15 33 61 75 162 186 226 349 423 522 685 774 784 839 879 885 
47 126 184 242 280 306 354 383 423 447 467 471 596 706 724 983 
48 88 99 136 155 189 319 555 584 608 760 823 876 956 992 993 
0 182 194 227 228 243 262 349 356 384 484 504 514 526 552 575 582 591 670 732 760 787 789 800 820 887 901 904 938 990 
31 63 64 95 109 165 187 200 215 313 334 444 466 618 658 685 690 782 859 982 
64 229 256 258 287 305 311 344 366 439 492 508 528 577 585 587 658 703 775 894 942 973 984 
18 28 200 254 279 328 353 389 573 618 621 753 859 862 917 934 953 
7 90 95 147 163 264 337 362 381 389 398 404 430 456 460 524 551 553 723 775 955 961 
72 77 120 205 263 331 370 488 496 537 585 722 797 880 923 932 997 
45 101 113 133 138 224 276 289 307 365 397 416 441 460 546 723 802 834 857 976 
56 94 185 309 385 405 431 532 538 554 628 717 791 793 843 861 983 986 
6 32 54 133 183 232 342 449 500 701 710 792 798 951 
48 88 210 242 325 401 420 497 673 688 951 
78 83 118 211 260 361 375 502 616 621 712 887 926 979 994 
8 65 109 202 205 292 324 411 478 501 526 544 670 691 803 830 832 844 866 
80 95 196 283 295 436 460 472 485 563 583 603 618 722 723 758 793 799 835 907 981 
9 37 99 100 106 117 430 494 557 603 702 704 746 774 853 875 915 942 947 974 976 992 
26 40 74 179 192 211 240 296 426 443 523 619 655 745 769 775 
2 15 76 139 176 177 198 288 310 322 384 554 675 888 910 982 
8 20 164 240 299 328 359 506 619 700 710 733 755 797 849 957 966 970 
38 79 80 174 297 305 320 409 413 459 574 581 597 623 703 746 777 872 891 906 925 967 977 
94 106 297 336 373 381 582 624 639 642 643 645 741 747 788 814 817 981 984 
16 46 67 167 179 227 329 342 406 558 563 759 778 793 801 835 879 886 
43 83 208 217 310 528 617 645 738 793 983 992 
1 2 29 31 42 85 95 111 169 199 240 257 268 336 495 524 628 721 733 777 780 793 843 851 900 923 970 991 
91 139 181 267 311 342 516 621 647 648 705 715 736 850 940 969 970 972 
46 64 109 118 144 161 259 286 288 296 349 385 424 469 506 523 565 683 749 799 968 
1 40 43 241 257 259 302 383 387 516 671 692 700 713 769 773 980 989 
62 71 111 160 334 396 531 555 568 574 592 601 615 675 752 767 778 818 837 903 925 940 973 984 985 
36 71 75 93 103 153 282 319 333 435 500 561 565 613 617 681 708 798 812 832 842 849 866 970 
15 107 126 134 158 204 265 340 453 497 605 671 729 775 797 822 854 886 891 900 947 964 971 
53 274 301 320 333 396 449 509 586 593 747 790 796 823 840 843 913 972 988 
80 104 112 150 181 186 202 206 219 252 274 308 367 385 392 409 420 434 460 497 530 580 690 698 716 718 823 963 981 
12 32 73 157 192 215 284 316 317 352 359 364 366 387 398 436 452 460 830 973 
10 40 50 87 97 292 414 471 480 486 525 568 600 623 624 751 787 910 963 
1 53 144 180 233 275 346 417 446 562 642 673 701 728 730 780 804 841 925 
38 51 95 103 245 304 357 400 513 531 549 580 599 619 684 754 808 811 854 857 861 916 962 991 
80 99 186 197 309 325 336 367 422 464 471 584 592 618 666 729 802 824 836 837 867 980 
5 8 105 166 329 349 523 552 611 636 639 716 730 780 824 863 871 915 931 
87 172 345 370 396 467 511 603 637 685 770 829 
21 48 61 86 150 154 188 247 302 354 432 509 514 524 529 576 582 619 658 661 729 730 753 763 793 830 875 945 953 963 
178 326 447 488 561 595 618 639 825 844 899 904 954 998 
6 45 67 151 155 200 271 343 514 576 577 628 649 655 672 682 687 695 790 808 891 905 908 960 
0 4 13 24 60 205 241 340 398 402 464 519 538 590 666 697 759 771 791 796 855 894 920 967 
22 53 185 195 230 241 259 326 349 350 371 385 509 524 632 669 689 818 923 959 960 
40 71 79 101 154 190 214 245 321 327 415 492 531 534 540 557 574 611 726 759 814 823 898 922 962 968 
19 116 134 158 288 333 354 362 379 400 454 522 533 640 673 688 753 754 812 848 855 977 
18 71 186 368 384 446 508 536 539 570 635 673 830 862 968 982 988 
5 15 79 120 145 223 238 243 413 530 754 759 823 888 923 961 
240 327 455 495 511 577 674 676 832 847 848 851 864 867 917 927 929 961 
152 276 307 333 438 514 724 863 
122 161 206 355 399 400 491 539 544 691 695 708 731 744 794 818 868 879 906 908 955 976 
11 63 75 119 242 243 321 337 353 411 418 520 578 700 755 763 778 831 838 
41 55 80 177 200 233 262 275 291 339 531 721 776 817 845 906 987 
28 117 125 218 234 286 305 380 435 469 505 519 533 657 820 878 916 956 
1 3 39 88 222 225 234 277 303 321 343 445 454 475 531 584 600 626 632 669 698 803 835 916 
85 171 214 437 532 533 616 658 742 781 788 803 851 883 952 
65 84 174 303 389 409 460 498 522 552 562 565 586 690 768 821 844 851 909 958 960 
13 75 348 380 397 526 546 556 589 605 616 623 626 639 680 683 712 719 772 822 863 875 900 975 
25 38 44 131 139 199 216 295 327 378 399 526 555 587 596 635 659 816 902 963 
4 35 53 71 180 197 265 287 295 446 461 483 535 597 609 652 680 705 761 783 862 874 943 954 960 972 973 999 
71 137 214 256 293 298 378 468 514 637 659 787 805 809 982 998 
5 31 67 141 189 261 304 371 391 397 401 457 502 553 571 614 646 825 932 
131 155 184 192 388 400 447 480 532 701 724 874 949 
10 55 56 114 118 155 210 305 311 353 374 413 414 473 476 527 558 590 707 770 808 891 
76 164 275 290 338 406 412 587 628 680 694 699 759 776 908 
22 59 62 71 156 264 272 354 364 367 428 481 489 542 563 651 706 741 822 859 892 967 
3 19 259 286 352 466 487 573 627 630 650 684 696 723 769 809 980 
41 170 198 265 293 319 345 507 523 547 628 670 703 732 753 795 817 829 970 
19 44 105 172 222 288 334 370 422 431 438 565 573 609 661 707 771 782 802 824 
35 64 78 89 146 170 254 266 367 526 561 566 577 615 675 676 747 763 782 848 870 884 912 957 
203 211 254 265 289 354 368 407 449 543 561 591 666 713 736 752 894 958 
50 138 184 261 270 323 405 487 494 575 604 654 656 990 
136 161 261 346 383 565 603 632 640 756 972 
47 50 84 107 133 262 280 376 429 535 664 792 985 
72 158 186 223 269 298 304 361 362 470 485 500 555 575 583 605 675 682 717 720 732 801 826 918 979 
47 242 251 292 294 317 471 504 577 588 653 659 712 825 829 886 919 952 
46 77 89 104 165 205 209 244 275 278 283 298 336 426 428 463 530 579 602 624 701 759 847 850 870 876 960 973 
14 41 43 68 142 219 281 304 309 313 462 550 570 741 746 874 969 975 
35 58 242 269 271 314 326 368 417 530 534 563 607 701 709 744 810 819 885 901 929 944 989 
17 24 247 258 284 301 542 543 546 733 782 801 879 902 923 927 962 
37 40 57 72 171 243 282 289 299 348 354 448 511 589 652 697 720 728 833 974 
13 46 64 108 151 207 217 345 351 466 565 603 608 609 636 668 681 752 760 850 992 997 
13 62 143 144 156 163 288 360 388 452 511 654 791 880 905 958 965 
23 71 147 198 311 327 398 434 483 524 615 692 696 717 825 858 924 948 
67 115 170 179 299 452 467 508 511 522 653 668 723 861 935 939 
1 28 30 41 71 76 130 203 210 248 466 469 568 573 770 783 903 
56 61 132 133 139 288 296 373 425 437 472 527 543 760 913 
38 41 61 145 242 263 288 333 395 415 436 442 492 497 553 730 742 754 815 831 857 872 897 940 969 996 
34 49 257 258 341 425 587 589 675 681 684 728 827 905 
25 64 151 274 285 328 407 446 473 496 543 564 566 600 614 842 901 910 936 962 
174 175 330 395 452 461 479 531 535 552 631 693 694 775 810 
32 38 131 148 166 220 224 246 256 307 346 711 715 766 822 825 842 995 
3 9 65 134 326 329 330 376 392 401 479 499 577 641 651 712 719 736 746 750 858 967 
4 88 203 309 317 321 352 488 513 580 618 627 639 686 692 717 719 773 810 816 865 913 980 
3 112 171 216 360 414 449 457 560 565 596 646 706 780 853 891 894 899 930 935 986 
1 18 98 226 399 425 475 583 594 603 606 616 652 716 987 
136 140 147 178 192 205 220 235 336 361 437 461 482 483 516 582 664 837 872 906 909 961 997 
37 103 177 223 348 375 501 542 698 722 791 829 866 879 906 929 
39 147 154 198 300 325 340 359 413 476 568 591 656 742 802 841 898 908 931 991 
215 220 253 279 294 385 394 409 459 495 508 562 643 738 743 797 804 861 
74 197 220 279 385 403 415 419 428 435 507 533 594 600 682 741 769 779 866 928 936 943 968 999 
16 17 28 36 80 195 198 222 224 226 393 432 482 634 698 766 814 865 873 970 
17 46 58 191 229 230 252 255 256 260 292 318 471 482 495 576 582 760 777 956 986 
93 98 116 136 146 240 298 354 414 521 541 547 575 686 717 820 932 
19 35 117 136 209 213 283 361 383 471 569 615 739 765 770 816 872 881 908 931 942 957 959 
105 114 154 232 278 298 335 344 360 386 400 414 435 469 479 632 698 771 838 848 863 932 965 971 
8 83 91 204 308 321 340 383 388 500 514 524 585 627 663 679 797 803 833 938 
52 125 130 353 381 396 404 408 421 495 501 653 666 721 929 974 986 
6 41 128 162 179 356 445 553 589 590 646 656 763 783 806 902 
24 71 103 264 372 396 446 462 482 544 549 566 683 716 717 725 766 800 828 870 891 962 
7 17 227 403 410 534 588 595 632 673 737 756 870 881 905 
64 214 233 250 350 369 448 456 503 561 629 659 687 721 741 812 872 
75 93 162 264 271 287 462 503 571 589 601 675 730 781 860 917 946 966 996 
107 150 162 178 302 357 379 385 390 400 438 503 622 683 743 831 867 893 915 949 973 
24 28 132 150 158 163 166 189 191 279 404 443 488 516 553 782 793 928 945 980 
143 146 196 211 284 397 402 424 437 468 506 611 619 654 662 677 729 756 758 823 931 
12 63 105 164 186 230 335 368 424 440 588 642 653 692 704 729 746 814 851 911 926 
140 222 228 244 351 418 442 488 533 540 544 590 730 750 863 866 940 998 
52 126 141 300 317 326 372 394 420 546 578 638 677 714 732 754 792 806 885 976 
38 59 68 70 84 86 108 363 488 495 500 531 604 640 663 674 749 934 
8 167 219 281 419 483 487 491 515 601 659 709 760 833 925 965 987 
7 49 52 64 115 142 201 227 291 349 351 491 494 523 558 629 647 690 757 783 889 906 
53 61 69 92 154 188 246 263 287 343 346 355 460 497 522 527 582 650 652 781 808 848 880 962 
86 215 251 259 306 408 411 420 424 428 501 535 543 590 698 746 781 820 858 882 905 958 
12 76 122 151 152 338 399 417 466 511 538 585 659 789 870 970 
69 263 265 404 407 480 527 546 671 823 917 941 980 
49 161 270 291 330 363 372 399 514 530 531 592 723 800 838 911 917 978 981 
23 30 57 59 113 140 275 337 342 432 435 462 464 497 531 546 582 643 748 759 793 824 852 865 878 880 
16 26 133 203 353 354 357 397 457 496 510 579 660 705 720 791 851 888 894 914 917 981 
45 53 92 99 115 197 200 221 234 262 264 401 404 447 503 517 531 585 605 737 771 822 874 959 984 
25 35 95 111 283 328 348 384 428 492 507 594 727 744 831 886 983 995 
253 278 352 406 454 595 683 768 956 965 978 
190 200 371 378 562 608 707 741 746 832 864 980 
5 118 206 237 285 298 466 498 558 573 712 781 944 963 983 
94 111 121 201 208 305 368 408 457 462 482 547 680 699 714 768 773 783 790 819 829 
21 39 48 131 175 194 263 301 316 317 370 478 503 563 618 631 802 906 
15 69 148 248 251 296 297 363 377 384 502 532 584 627 692 760 794 801 817 842 999 
23 54 64 118 246 249 354 408 415 453 550 566 593 600 718 880 896 926 
21 88 159 238 288 301 363 370 458 503 565 599 618 714 822 877 910 920 972 
9 27 33 37 40 55 199 319 359 374 442 534 551 566 603 629 637 657 721 851 878 880 968 996 
50 62 72 76 96 110 278 364 398 432 497 509 533 547 601 640 715 760 807 861 
10 23 108 135 160 293 301 338 339 403 443 474 507 565 768 778 817 841 858 935 961 
27 113 174 343 374 457 517 585 623 660 689 701 760 791 909 927 971 
27 29 51 61 98 282 303 405 415 435 461 468 497 539 634 659 684 767 785 870 
43 64 98 103 116 250 288 304 462 507 528 576 738 739 783 797 818 827 945 956 
13 48 68 169 174 217 252 370 391 446 585 662 860 886 894 938 997 
52 97 153 197 207 242 284 317 389 415 584 585 632 656 667 668 770 831 838 953 966 972 982 
45 55 101 225 407 465 490 506 546 577 585 722 770 795 896 
113 149 159 172 246 331 349 423 458 534 627 638 640 671 697 736 753 806 893 927 952 
55 60 180 195 259 265 281 346 402 477 512 643 759 767 779 799 809 836 838 897 901 904 
58 60 140 199 251 305 340 386 435 472 509 566 591 624 630 668 671 696 881 922 989 993 
8 277 320 353 406 422 439 475 497 527 613 777 793 853 854 909 
23 113 159 328 456 462 596 719 737 743 753 767 774 841 859 979 997 
21 63 91 165 176 312 355 376 464 521 590 599 773 786 838 858 876 911 948 965 994 
70 201 206 363 583 646 748 928 953 966 
34 60 194 200 270 377 457 496 533 560 563 767 864 979 983 989 
17 89 108 114 143 164 176 273 409 438 460 548 576 597 647 651 685 823 937 989 
41 63 64 71 119 223 283 295 640 684 720 721 726 792 972 
41 57 64 77 169 310 313 432 521 665 679 744 771 773 798 814 835 857 859 904 914 917 958 961 
74 172 180 254 289 365 372 454 472 481 544 581 739 753 761 770 845 904 907 930 931 967 996 
51 55 63 74 111 214 259 264 279 308 395 595 629 701 715 853 911 923 977 
46 80 319 368 372 581 587 626 631 669 688 817 867 929 939 
196 234 251 282 298 325 348 400 431 499 596 672 673 805 828 832 906 911 945 
100 104 122 135 162 432 439 518 534 626 629 693 770 860 899 903 916 920 960 
42 76 120 121 207 220 362 512 560 660 748 749 751 768 782 920 946 
14 16 25 78 95 110 141 147 269 301 354 450 458 472 484 486 532 540 597 609 655 695 712 871 897 917 
1 59 71 154 161 168 212 247 403 516 525 543 570 572 780 804 938 
59 89 93 120 122 172 175 207 269 285 352 375 483 592 607 609 677 784 789 818 869 
57 77 115 194 270 273 302 310 328 330 385 468 504 515 587 625 639 688 788 824 859 895 931 985 997 
10 301 319 456 494 516 573 634 709 712 736 747 895 927 
162 194 242 343 382 653 672 779 823 849 914 
22 72 171 191 232 291 380 399 402 415 662 702 752 767 876 946 975 
8 147 236 278 334 411 599 600 603 622 627 680 705 769 825 867 871 894 897 899 927 953 965 
1 46 195 265 378 386 450 452 457 647 653 706 723 760 848 870 922 971 
124 135 192 195 266 335 339 399 411 470 504 672 688 698 716 742 769 771 780 837 880 955 987 994 
88 177 206 354 416 422 543 685 731 759 764 821 904 918 994 
45 54 185 253 255 268 321 331 389 405 424 445 642 697 709 780 818 827 828 861 862 884 903 997 
24 38 76 92 190 251 257 266 294 313 369 450 497 509 540 921 944 956 963 978 980 
9 63 81 119 189 223 331 345 364 417 456 708 750 786 809 
4 43 58 86 148 185 192 217 321 323 331 365 420 508 528 543 609 613 620 688 792 800 853 894 982 
18 58 66 108 115 118 128 173 303 307 374 380 414 451 555 602 764 786 808 837 859 903 954 969 
14 42 160 212 213 214 234 321 335 391 411 524 653 788 879 948 
44 85 95 263 308 409 442 577 724 767 817 820 831 840 843 897 904 952 957 
15 30 75 85 123 150 179 318 323 345 414 490 515 558 637 648 747 772 954 999 
83 103 149 311 399 450 495 516 521 523 606 701 712 716 760 817 867 
38 49 268 274 303 353 356 492 515 525 586 635 646 667 677 695 730 804 830 835 838 847 861 902 928 955 957 991 
39 57 77 156 168 199 221 425 464 567 595 881 
51 90 114 135 185 222 361 403 516 523 539 589 656 695 911 
182 269 292 347 397 522 601 701 849 862 868 884 907 941 960 961 965 
4 73 87 194 196 208 327 330 331 463 469 517 526 567 585 603 640 647 834 916 
55 126 316 327 334 335 391 417 444 463 466 509 627 678 748 756 779 788 810 837 839 891 948 973 
36 79 102 106 109 162 203 357 407 470 481 522 602 701 762 789 791 797 834 853 856 911 950 968 
3 72 190 195 454 590 813 828 976 
48 182 240 245 248 253 269 289 358 404 452 482 510 519 566 586 681 734 773 855 911 999 
9 117 236 393 454 572 738 762 796 896 983 
119 212 282 307 324 335 416 437 519 529 545 592 626 635 727 744 765 812 858 947 
9 71 94 128 193 196 303 393 479 485 648 768 791 940 967 969 
9 19 83 96 191 236 312 398 410 444 506 573 598 651 697 699 707 718 729 749 822 916 917 943 951 969 
128 151 173 182 209 211 229 255 437 542 666 691 702 788 822 890 946 995 
240 288 390 394 409 425 474 536 537 660 694 712 731 751 867 951 966 
63 172 226 302 383 390 441 512 515 569 658 697 750 787 834 947 966 
101 172 177 456 462 482 558 562 616 625 642 644 652 659 699 788 820 845 867 920 
64 169 201 273 293 340 400 418 446 482 500 659 926 946 971 
7 43 78 82 240 256 328 426 469 549 559 590 673 692 697 805 838 860 868 974 
46 74 93 116 244 301 399 420 474 481 494 505 562 646 680 688 750 761 792 796 798 873 965 985 
94 98 109 185 209 231 253 289 337 371 591 655 656 685 726 768 823 897 898 915 946 975 
114 208 234 254 278 404 443 461 474 534 542 571 621 680 720 726 838 862 891 914 921 936 973 990 
24 150 169 185 281 290 334 362 368 381 437 551 584 727 739 896 952 977 996 
2 49 93 120 122 158 198 201 220 257 269 328 394 411 422 438 511 572 629 681 748 773 786 808 954 
4 101 206 249 274 377 385 413 588 614 620 653 663 706 709 820 849 880 948 
123 175 185 205 284 304 362 383 419 479 492 517 532 567 760 849 877 910 943 962 978 
51 58 84 106 118 195 220 284 387 425 463 575 591 673 716 841 869 908 968 999 
29 67 200 209 219 241 268 269 274 367 394 466 484 524 525 585 811 867 930 962 964 
13 30 80 87 88 160 172 266 301 304 306 314 377 393 401 466 473 488 505 594 661 683 684 717 725 834 846 876 943 963 989 
411 437 460 495 595 622 624 649 661 724 734 782 786 890 972 
60 84 101 121 182 209 211 239 269 270 372 543 552 561 685 704 705 721 783 791 797 828 846 855 954 
30 101 114 119 132 139 242 256 374 386 407 411 431 442 691 726 729 802 861 876 901 921 
107 115 143 181 239 293 357 376 409 432 491 495 514 535 577 643 791 846 875 916 
4 37 42 160 173 202 245 248 275 277 288 400 407 463 514 517 541 552 568 605 699 732 803 880 901 982 994 
124 376 459 476 494 535 539 555 599 633 665 698 821 912 916 
51 71 75 87 110 131 233 312 376 392 464 518 583 682 696 791 999 
56 104 270 429 509 514 537 627 689 705 734 834 875 906 944 963 980 
70 78 182 250 292 324 388 471 554 633 653 669 705 756 842 880 929 931 
25 27 36 42 81 110 163 206 210 282 293 346 357 375 518 553 677 681 748 760 830 
99 108 126 397 474 632 659 661 678 684 686 733 844 891 899 
143 208 367 388 394 426 435 511 573 578 730 829 886 909 935 940 
62 146 148 209 244 384 460 540 589 752 771 779 790 798 827 
26 42 64 227 345 518 538 707 725 752 808 925 948 
31 73 83 91 278 493 517 557 637 665 670 684 796 833 
26 57 139 277 380 503 582 610 656 674 742 756 760 805 890 905 923 940 
16 53 99 227 239 268 385 403 643 703 762 771 829 948 963 985 
6 63 152 213 303 338 403 438 465 467 513 519 599 634 672 673 776 804 813 942 987 
63 90 92 137 153 185 213 219 298 375 401 416 426 444 486 643 647 670 688 702 723 767 842 870 947 948 
48 101 112 123 203 243 313 339 555 587 618 651 731 780 810 835 906 
187 226 321 366 437 506 515 534 684 704 778 819 883 897 930 946 972 
74 162 167 228 249 253 268 275 298 302 311 402 419 440 457 502 602 643 687 694 778 846 887 
37 59 327 342 345 349 410 427 432 477 595 651 667 707 789 
14 82 149 342 391 412 505 590 662 732 741 857 901 908 933 951 957 958 960 
0 206 232 236 270 342 555 572 602 692 717 757 845 886 
5 8 88 100 133 191 197 236 248 327 346 411 427 458 613 635 653 736 846 859 907 
17 23 90 212 234 244 329 335 388 457 467 470 599 705 798 807 831 846 894 896 924 983 
55 216 219 243 284 291 395 426 448 451 474 476 714 731 751 898 915 917 926 927 932 949 972 
7 15 62 88 134 183 184 252 278 389 492 549 560 583 600 614 633 711 731 764 897 914 
28 102 125 170 237 245 314 369 401 412 505 617 652 725 733 861 882 944 978 
86 209 221 282 315 384 541 635 654 659 737 856 885 897 972 
103 153 161 186 189 260 302 359 414 473 474 586 609 664 692 707 741 784 807 822 871 890 905 912 933 953 981 994 
189 246 299 322 402 448 451 566 569 660 692 723 727 745 746 754 822 928 983 
11 40 88 90 180 527 539 542 693 744 754 768 773 801 815 921 951 
6 35 65 128 138 400 425 436 449 460 466 477 481 501 637 648 717 730 809 
23 52 95 185 219 275 308 338 395 411 418 462 476 545 573 580 642 670 775 786 798 847 864 922 
47 76 151 160 176 301 416 445 476 510 588 592 653 712 729 824 842 857 890 
52 71 72 73 123 158 214 342 399 488 537 539 619 637 647 672 700 712 797 846 884 922 957 
130 139 151 172 287 315 352 426 446 477 553 594 682 704 760 761 813 851 895 931 939 973 
17 318 507 516 557 591 633 662 766 868 979 
10 13 29 34 60 105 131 242 298 364 381 410 454 515 523 571 741 762 844 851 884 
222 283 290 297 375 384 420 455 581 714 783 787 849 911 971 
315 417 565 570 576 588 650 737 801 862 972 989 
2 16 36 43 51 74 173 220 263 307 363 374 430 505 736 779 811 847 893 904 
40 171 179 284 300 340 477 526 550 618 621 641 666 728 740 796 822 878 885 952 985 987 
50 51 112 113 126 151 174 185 235 280 291 317 408 514 552 658 704 728 887 
30 88 145 187 288 299 318 328 386 419 420 444 581 642 644 661 700 754 755 822 844 887 907 942 959 970 
21 63 191 243 251 266 295 339 416 419 431 447 525 598 621 641 798 832 849 921 962 
59 87 100 115 149 214 232 242 245 279 311 330 340 346 397 408 517 533 552 571 578 616 643 645 646 661 673 689 775 802 839 865 926 
30 56 60 61 72 154 192 247 334 336 359 411 447 462 562 570 580 589 604 655 708 758 779 822 882 908 
21 28 114 127 149 150 168 457 522 684 695 702 721 751 756 823 859 864 918 972 
5 7 32 85 125 153 288 292 339 381 388 431 500 523 539 575 579 786 828 833 838 904 911 
2 145 158 269 302 329 337 357 358 435 473 474 501 555 612 670 705 751 805 815 818 862 890 902 922 926 961 
171 223 279 293 370 382 396 398 503 513 636 642 721 734 795 820 833 839 882 888 934 936 
6 48 67 161 193 258 293 300 423 439 501 507 542 543 547 569 571 690 699 765 811 825 909 917 928 953 991 
5 34 53 193 233 299 323 371 389 524 615 658 719 840 938 995 
10 25 110 141 158 179 240 293 338 384 389 396 411 424 449 588 616 692 721 795 924 971 
3 27 83 136 253 300 385 446 479 496 613 763 873 
1 41 51 85 269 271 328 380 416 422 521 526 544 690 691 698 701 749 878 939 954 
40 48 122 140 181 195 205 293 414 482 528 670 683 710 853 854 907 933 946 
77 128 143 151 202 238 316 339 477 480 520 543 581 596 650 677 679 703 705 810 833 949 
7 41 70 229 274 302 399 542 579 613 633 680 746 763 886 920 933 
201 232 256 361 396 421 661 678 722 771 776 807 828 890 946 
94 113 129 199 295 413 451 476 501 558 577 690 701 943 
4 50 124 129 147 212 255 273 278 338 346 355 474 485 494 509 631 747 840 867 869 929 993 998 
16 19 91 97 119 145 233 264 284 339 410 438 449 504 533 590 699 751 772 776 780 823 831 936 970 
13 29 49 54 75 77 81 90 100 166 265 267 329 379 450 491 498 654 695 703 730 819 861 900 
80 105 252 255 390 434 448 499 583 597 617 645 789 919 928 951 963 
9 32 43 110 187 271 392 496 504 556 594 666 738 815 851 940 
40 143 221 226 246 269 309 317 320 355 400 562 571 576 595 601 608 642 665 689 832 886 914 922 955 967 
44 136 157 196 232 253 298 389 406 434 479 545 565 595 630 721 726 769 778 799 818 961 
10 14 30 89 140 320 436 474 527 650 670 696 723 744 765 801 802 859 873 902 
15 39 98 151 208 407 454 482 800 806 891 
100 114 280 360 382 445 469 487 502 586 588 595 740 865 866 874 963 982 
135 162 165 215 275 290 341 477 486 517 556 582 588 713 724 729 756 758 765 770 808 831 850 864 893 964 993 
51 117 223 301 308 310 373 424 457 468 509 556 659 731 766 776 797 800 873 951 
177 202 234 252 343 381 406 455 481 496 527 606 652 660 747 816 853 934 969 
61 143 171 266 459 540 543 561 684 697 705 741 851 980 
37 68 150 239 253 257 330 386 505 511 520 575 597 623 658 732 738 801 905 
36 56 194 198 202 460 505 607 678 711 727 849 919 981 
17 73 93 115 145 181 245 317 331 562 579 639 704 763 771 782 790 876 882 926 959 
56 67 109 137 164 166 171 246 429 450 522 606 724 851 902 919 
6 7 11 33 35 86 118 221 242 298 324 515 523 534 536 537 553 601 839 849 905 925 966 993 995 
53 81 183 235 272 283 408 453 518 581 622 642 670 694 811 822 865 867 886 907 989 
66 74 168 172 223 228 435 519 533 540 625 741 757 815 841 908 947 956 
73 82 126 157 192 204 268 319 322 326 396 514 521 526 593 698 706 799 814 866 910 931 993 
8 59 62 68 86 101 167 191 330 340 368 389 451 463 510 511 620 656 708 775 779 917 949 965 999 
12 20 25 136 164 165 178 201 205 226 329 357 361 385 452 460 493 499 651 709 825 902 
69 73 86 146 168 200 260 284 285 330 337 365 386 501 509 536 563 565 625 642 671 827 922 975 993 
136 457 485 598 667 678 750 754 770 820 908 993 
34 51 52 85 149 173 341 436 442 452 497 503 528 618 623 632 720 733 749 792 955 
5 30 62 74 161 214 280 281 434 552 592 615 643 686 767 780 805 814 850 879 895 904 908 944 
7 28 56 95 113 205 371 406 638 688 769 779 797 807 835 847 886 908 
97 112 135 180 220 302 349 363 485 549 809 821 873 954 959 
10 59 94 186 187 209 218 257 338 352 436 462 476 484 488 549 556 557 589 637 705 747 749 761 781 916 938 955 962 
1 14 27 29 95 121 159 169 201 250 263 338 348 372 383 477 551 571 622 748 756 800 934 991 
44 48 172 176 204 225 238 296 337 444 529 618 654 725 758 818 891 903 925 956 
7 24 56 64 74 83 171 229 269 341 472 480 623 696 699 724 733 764 779 
