67 155 354 367 906 953 
55 57 212 323 345 371 421 446 496 568 705 750 822 863 916 926 
169 172 674 794 797 802 962 
17 95 113 167 237 379 387 415 422 476 634 681 738 898 988 994 
10 163 237 373 387 530 544 607 735 796 881 886 
3 44 50 186 302 305 409 442 590 608 631 867 
18 21 196 211 692 775 817 876 910 
54 73 119 146 258 274 427 440 551 757 774 793 
26 46 195 260 273 449 669 794 931 
59 74 110 185 187 375 390 433 450 655 891 920 962 
103 148 162 231 260 458 487 512 549 659 868 950 971 993 
20 22 39 181 526 544 598 660 665 746 824 885 960 
33 71 97 302 356 381 450 498 526 630 906 956 984 
44 52 97 140 507 513 553 622 839 996 
121 211 424 444 527 666 728 795 818 837 967 
135 294 313 407 582 641 657 663 795 823 859 
6 80 256 361 561 585 617 656 737 764 766 921 
12 74 106 133 178 254 611 751 768 769 880 899 967 982 
64 153 373 455 494 690 917 
75 202 245 253 513 557 807 961 
109 246 336 432 454 699 743 801 
156 256 299 363 537 831 866 870 878 911 951 
103 160 247 250 341 447 539 592 621 
391 593 608 811 
345 407 511 540 603 716 782 808 842 968 
20 139 148 161 196 281 368 492 735 787 792 977 996 999 
160 185 347 457 552 574 651 
50 394 473 554 639 716 788 793 899 976 
42 180 255 325 341 366 444 509 772 814 820 901 953 
36 122 247 260 398 495 541 754 795 827 
5 111 328 454 541 701 738 763 817 
2 13 85 117 178 237 310 560 589 821 883 995 996 999 
10 21 23 43 55 405 435 522 631 674 915 
99 217 366 429 552 618 710 816 909 
2 12 18 286 710 834 934 959 
80 264 276 366 389 463 574 613 623 655 722 723 779 816 911 
117 141 178 851 978 
24 97 122 167 204 258 575 584 961 
169 318 740 795 821 932 
0 16 120 175 217 246 269 592 627 716 741 774 891 919 931 
8 14 39 89 130 148 279 294 373 414 431 610 890 
30 67 82 131 327 389 414 512 519 547 558 610 676 685 798 897 
21 200 301 395 430 537 566 635 673 847 943 993 
101 290 347 381 706 797 846 889 926 954 
80 142 214 265 519 582 795 839 885 891 
65 131 134 137 191 244 289 315 344 345 489 501 669 673 846 868 873 
0 88 178 347 449 461 546 719 841 901 940 999 
20 157 293 464 685 693 869 880 999 
69 100 143 383 461 665 751 754 780 860 920 
63 124 312 362 487 512 
3 39 322 328 454 472 724 764 821 842 894 926 
240 258 293 380 510 601 623 722 779 
172 224 245 332 404 536 545 612 624 626 791 963 964 
51 103 200 422 454 480 511 517 619 821 910 927 974 
42 172 326 582 586 667 838 
205 217 347 393 488 494 734 789 935 
126 355 583 676 727 988 
135 169 438 474 625 702 801 952 
1 37 55 84 118 389 513 559 612 761 869 
31 108 298 376 394 477 481 506 532 577 658 838 947 
136 158 307 414 518 594 605 611 655 854 
59 83 175 293 312 330 371 656 779 
159 266 377 651 661 709 836 907 949 
288 302 419 533 557 558 595 885 978 
120 214 217 322 363 368 482 581 783 885 
68 80 142 144 181 192 309 332 376 425 437 450 499 532 612 630 724 732 944 953 
32 47 585 586 748 756 859 
49 98 141 167 265 321 462 541 835 856 897 937 
47 143 184 358 400 626 645 719 783 990 
121 220 312 406 479 767 816 854 
120 127 141 433 541 644 
412 423 433 593 839 854 879 
344 441 530 712 719 806 826 977 
38 109 185 284 297 497 531 605 614 621 712 852 869 913 
14 40 65 521 560 616 701 732 739 747 811 921 972 
148 307 335 629 780 808 871 888 
95 148 306 391 452 569 628 704 714 769 908 920 952 
103 185 270 274 503 594 726 765 
21 143 222 478 504 510 526 615 735 752 809 956 
411 432 722 998 
101 112 163 201 401 423 445 525 534 616 741 753 853 866 897 
44 212 607 623 633 635 879 
68 116 154 381 394 399 606 607 640 666 674 726 927 
40 315 364 523 570 884 
44 192 301 319 339 375 390 523 669 828 836 871 
219 288 303 331 352 400 493 627 
70 90 260 291 352 532 596 599 746 
88 105 148 340 354 395 434 486 539 653 680 682 787 905 989 
170 274 400 469 496 538 546 568 618 709 742 935 968 
54 172 254 261 322 477 524 555 638 709 717 745 794 849 
68 100 190 327 421 455 457 460 489 509 656 827 934 948 
287 313 342 369 371 407 622 794 952 
106 218 280 529 601 729 743 
111 112 128 138 204 327 473 732 792 891 928 
43 169 222 349 514 597 849 855 
88 112 345 514 521 704 848 937 958 
27 39 54 64 163 266 297 500 559 713 789 795 
56 95 242 435 558 814 911 980 
9 16 168 210 577 705 
281 338 368 473 685 767 783 903 
87 161 247 291 326 570 826 932 941 
101 105 329 422 534 607 675 809 829 
127 173 262 294 365 423 469 470 864 882 999 
209 234 445 452 560 599 630 
46 96 133 157 239 286 379 399 507 554 651 807 973 
1 37 190 257 355 501 518 
121 239 285 303 393 548 591 833 914 
19 33 121 184 188 380 428 523 555 679 702 721 748 750 886 
20 49 165 645 798 963 
5 47 73 76 132 165 168 172 294 437 551 590 600 731 930 987 
35 443 457 478 519 814 876 886 887 911 
24 430 594 662 730 
18 328 544 654 788 918 
18 65 178 238 288 303 356 363 433 674 683 731 736 980 
52 60 143 144 626 779 807 957 
69 240 272 360 530 536 659 828 922 993 
67 175 309 316 571 653 847 915 
15 39 133 149 222 233 262 267 514 575 995 
179 221 326 362 528 581 779 992 
144 267 421 513 819 888 
0 490 590 593 631 729 860 975 
1 25 104 332 427 467 684 723 726 762 831 908 
208 347 473 522 525 569 592 619 621 731 833 909 941 960 975 
182 303 338 467 567 671 778 844 
68 161 367 392 475 555 689 711 824 850 
131 191 317 341 394 402 531 657 671 777 842 852 989 
58 117 138 153 174 212 259 288 307 367 444 559 579 672 926 962 
20 33 87 114 127 136 165 193 333 337 458 526 536 917 
91 319 335 576 659 832 959 967 
97 286 346 464 465 485 661 675 724 
30 98 105 163 361 485 523 633 647 674 720 787 939 940 
47 67 73 75 335 442 530 557 559 887 919 923 936 
22 84 351 371 498 511 731 847 872 919 939 995 
1 82 354 444 543 719 730 832 973 
99 258 293 319 377 419 440 481 533 555 696 857 
202 240 308 378 537 787 795 808 860 902 
65 74 380 454 484 664 903 
108 164 320 383 540 777 780 882 883 960 
74 125 180 215 262 281 332 428 685 808 815 869 
74 148 305 348 487 603 783 
1 107 242 294 344 417 503 627 676 737 795 863 
22 55 83 142 158 207 336 490 496 596 759 778 779 861 
77 94 125 180 202 228 440 464 500 858 862 962 979 
193 226 364 445 840 913 
25 316 383 468 499 532 540 593 781 972 997 
0 112 195 373 420 725 870 977 
29 103 279 301 370 964 981 
97 228 296 390 455 586 886 
90 239 251 556 585 595 669 822 878 
160 604 679 706 708 756 796 908 
100 326 392 560 619 704 795 866 871 
33 177 400 448 691 889 
159 181 254 376 452 579 802 
65 134 171 617 913 967 
160 247 286 298 415 903 908 
115 171 229 269 373 709 747 935 
77 378 400 501 612 644 692 753 862 
151 166 421 444 504 
4 163 172 320 616 657 681 833 852 955 
400 434 512 615 628 
512 592 629 721 803 830 991 
67 103 136 241 245 303 339 478 659 759 
1 224 237 260 381 401 407 437 483 675 897 969 992 
181 273 295 447 647 871 
9 119 143 161 189 299 387 413 517 705 717 768 784 799 996 
15 23 28 146 212 219 289 335 466 528 582 704 794 945 999 
2 325 327 581 599 692 925 
113 272 513 559 579 772 993 
5 10 54 131 155 393 620 745 788 821 836 871 927 
70 594 625 937 
70 251 267 431 594 715 796 
18 36 75 362 381 425 438 539 580 735 783 864 867 
8 112 150 248 271 297 353 549 673 811 944 
24 186 190 202 203 238 505 707 
3 189 239 255 340 425 502 514 753 820 824 850 856 968 
93 131 329 422 455 608 611 641 823 829 
97 107 170 446 477 508 525 550 615 660 674 717 771 794 840 873 915 
92 152 334 518 630 711 775 845 920 997 
110 276 372 395 526 983 
223 447 485 489 597 754 792 891 949 978 
153 181 344 396 471 577 735 839 846 
108 246 330 742 826 963 
19 116 178 375 443 457 511 706 722 813 833 
5 190 238 394 621 665 692 694 771 831 
31 201 311 327 375 389 414 620 631 633 813 893 917 
6 7 108 627 839 876 933 
72 86 388 391 613 677 698 785 802 896 931 
83 369 441 484 496 796 840 966 
147 413 497 521 617 692 730 731 746 772 789 812 823 
12 70 140 169 397 423 463 505 515 878 
92 391 451 457 522 726 746 809 917 962 
121 290 332 507 710 809 952 
40 129 277 561 577 624 631 659 772 832 995 
431 494 623 646 647 669 675 685 774 835 
76 206 367 563 581 788 829 895 896 919 968 
25 28 115 164 195 199 254 287 338 420 527 617 643 707 854 934 
43 169 177 238 347 425 584 607 668 699 783 820 919 939 
139 244 346 503 795 
74 336 370 375 402 594 604 642 666 795 884 928 935 
36 64 225 258 272 279 360 387 389 424 428 449 466 
4 74 80 136 279 283 361 580 646 685 686 740 956 
123 259 417 496 589 695 821 
0 47 71 128 218 290 300 481 542 682 750 795 
66 95 221 225 389 420 574 635 692 694 855 866 935 
120 438 720 729 795 896 988 
212 345 383 392 429 430 612 776 981 
5 97 178 603 719 741 823 954 980 985 
2 187 192 262 265 543 770 971 
212 227 279 476 580 612 692 763 795 805 819 873 
221 270 299 330 337 463 556 572 678 822 856 868 
20 361 383 500 580 693 803 819 886 956 
163 166 310 589 594 638 742 769 867 922 
132 135 221 244 416 537 640 932 
29 55 111 175 226 355 618 767 836 
62 102 207 286 345 390 542 736 827 
6 187 271 285 689 969 
53 102 211 337 677 882 885 
227 417 517 548 645 685 714 757 824 834 991 
24 44 65 120 208 329 539 726 740 751 848 947 
22 35 180 199 236 354 374 523 552 596 681 723 865 926 
38 57 526 746 855 
117 123 144 253 360 557 940 976 
472 653 703 907 994 
287 307 346 806 905 936 960 982 
185 433 586 590 727 815 824 875 909 929 
128 151 190 461 475 908 
24 156 204 344 390 425 438 491 548 805 
209 469 689 726 829 896 940 
5 146 283 306 315 339 344 389 440 593 641 977 
97 214 278 299 305 387 445 540 695 798 937 947 
22 99 326 351 720 733 767 900 962 986 993 
38 48 49 212 247 363 417 604 686 726 730 813 
139 143 199 227 236 368 446 511 537 546 628 648 859 865 878 888 900 934 938 
207 293 303 317 396 452 456 513 528 553 600 861 
107 237 283 382 451 505 828 907 913 
154 212 274 321 362 370 371 518 541 589 666 698 747 952 
138 227 442 473 598 695 738 776 827 893 
133 199 295 331 632 676 714 951 990 
62 91 133 176 351 448 762 892 
52 74 202 293 425 429 517 552 582 622 658 740 791 
139 252 350 384 398 403 530 704 718 719 777 889 896 941 
111 145 257 290 437 548 601 634 743 989 
285 421 511 578 583 728 733 798 863 864 935 
55 99 103 197 216 376 663 693 907 999 
183 311 477 496 585 599 647 680 725 737 758 852 898 
44 100 119 184 270 271 280 554 710 856 930 
7 196 208 214 273 283 384 447 457 533 652 656 
19 58 192 218 260 310 455 611 632 711 760 
38 151 341 346 360 388 529 571 630 698 715 754 
29 56 58 129 164 203 471 525 655 662 757 768 825 951 968 
2 33 139 412 496 635 640 763 889 969 
44 87 139 208 356 416 515 533 993 
19 59 340 487 594 
408 573 784 861 925 972 
143 302 731 775 808 886 935 951 983 
174 204 232 257 322 401 536 735 
90 186 227 292 314 430 506 507 868 896 936 997 
135 201 311 368 736 828 833 856 964 
9 126 309 354 458 588 719 739 883 888 951 
16 218 254 325 503 574 654 662 883 961 
52 102 366 568 831 991 
38 58 67 642 728 745 895 901 959 
93 164 270 272 681 719 778 881 962 
21 70 136 140 156 260 402 405 443 449 544 662 721 745 820 995 
81 637 726 773 852 
17 466 613 941 
73 160 302 564 617 621 671 678 819 880 906 
17 33 67 121 491 492 593 629 709 734 739 837 843 
202 414 494 528 677 729 834 
119 536 599 889 951 
28 33 108 147 154 212 216 336 352 374 899 
28 68 132 327 597 644 759 762 842 904 955 
16 112 240 498 561 735 783 845 899 
74 258 286 293 355 381 469 571 690 699 721 850 939 
29 33 174 520 753 943 989 
3 9 161 287 417 640 709 717 865 958 
90 100 116 118 155 169 179 187 538 557 594 625 759 792 802 
42 180 347 478 665 710 787 788 826 994 
155 264 405 516 598 766 770 776 
106 158 301 398 499 581 609 613 685 977 
207 296 346 505 636 727 871 874 992 
52 82 261 288 424 511 512 523 532 572 617 756 868 
56 168 290 333 460 555 678 679 714 866 881 905 946 967 999 
39 720 771 781 821 861 864 904 
36 40 159 319 326 511 558 626 676 817 845 852 
113 114 159 230 331 553 593 619 648 795 
35 102 110 295 680 897 931 932 980 
84 109 170 300 772 827 888 919 968 
45 339 637 909 
48 80 276 341 366 406 498 601 720 919 980 
82 119 278 286 292 344 496 500 516 525 552 
41 58 134 226 335 367 419 446 448 755 868 874 877 
281 529 781 795 809 855 865 874 921 
44 45 134 195 269 509 510 637 820 887 
53 145 170 203 322 431 562 573 689 736 771 895 940 
171 181 258 308 479 502 554 622 796 797 855 913 961 989 
243 267 386 446 533 666 786 803 881 953 962 
32 172 236 272 307 370 430 472 513 668 832 837 873 
315 363 638 745 823 892 948 987 
57 306 308 472 486 497 525 602 634 720 779 784 
21 125 215 449 475 566 613 626 931 
266 328 343 359 433 618 636 649 653 718 
16 48 62 144 490 549 565 569 628 647 737 847 919 
57 75 147 271 401 442 454 456 465 855 
25 102 105 188 241 387 571 619 627 662 663 874 
50 136 157 165 211 316 326 398 399 489 938 994 
314 382 681 782 829 879 956 957 
107 186 237 274 414 577 603 772 
0 43 301 304 418 556 715 802 865 917 
4 105 117 138 431 574 652 727 743 747 775 922 
42 100 131 256 338 396 836 940 987 
70 79 260 276 373 517 780 816 868 
115 146 334 368 436 437 591 658 668 671 756 906 954 
83 135 424 496 569 659 920 
4 43 247 377 481 488 492 515 590 614 648 737 829 978 
53 228 293 344 444 488 545 596 658 676 809 847 871 890 959 
79 161 216 227 303 313 376 494 700 772 842 862 973 
60 85 139 161 232 436 590 608 677 780 864 890 969 
9 90 226 261 265 266 271 375 680 849 865 879 948 
377 470 531 561 568 583 684 692 784 811 848 849 867 
148 276 353 480 496 552 602 725 781 823 880 891 896 960 
56 63 109 176 346 387 413 
31 190 259 337 400 723 843 849 936 951 
35 46 145 159 251 335 336 343 403 757 925 
61 221 239 644 739 936 997 
116 154 211 298 355 438 856 884 916 960 982 
91 99 128 156 159 250 259 263 295 372 377 478 678 801 802 845 
0 91 137 142 143 498 550 605 612 672 778 783 792 939 
288 477 502 571 680 773 852 889 
190 194 202 540 580 729 735 907 993 
32 288 522 981 984 
128 131 346 484 572 658 823 
7 46 374 391 443 483 656 670 743 809 830 
26 69 160 179 243 360 451 503 549 611 711 750 
2 19 347 502 703 845 908 959 990 
103 189 194 279 346 384 479 689 
168 186 392 529 657 738 788 898 908 966 
183 255 298 346 696 984 
0 33 102 183 255 392 402 448 475 737 833 
118 200 204 306 347 371 421 490 567 614 798 985 
283 362 442 539 551 563 608 614 710 906 
59 220 224 544 768 
38 53 185 443 455 609 642 820 
108 121 173 187 234 306 417 440 781 
66 98 267 285 476 523 570 605 708 716 731 934 
46 91 160 228 475 476 691 723 873 878 899 948 
9 166 380 532 597 752 819 854 875 941 947 959 
118 272 387 426 496 741 923 954 957 968 
248 466 541 542 560 730 781 
54 221 539 585 606 728 832 867 870 988 
11 270 453 472 561 569 614 745 776 883 
19 42 150 154 231 327 515 527 633 802 826 846 878 905 907 991 
341 406 433 440 574 813 816 825 937 960 984 990 
180 203 242 341 432 544 614 679 896 931 
155 193 335 414 461 508 644 814 
117 275 293 398 481 540 577 753 764 846 
1 46 152 205 519 742 781 843 942 989 991 
221 252 305 398 626 710 953 
43 80 116 202 517 542 553 562 717 840 863 886 
302 466 727 937 
345 363 609 635 745 862 961 
119 184 207 298 310 413 578 580 599 635 967 
0 146 206 274 336 415 481 510 593 654 713 989 
26 93 543 625 643 666 678 749 
210 258 598 617 671 763 857 885 909 932 
99 210 306 427 468 646 
331 351 739 804 863 867 904 907 986 
9 39 250 287 340 430 623 747 754 854 
143 223 277 432 673 692 880 971 
39 157 285 383 622 892 924 
19 26 64 113 157 613 669 828 946 958 
168 174 195 208 244 340 379 387 420 550 985 
52 87 148 181 222 233 276 313 505 734 746 775 852 908 
79 158 208 218 273 286 304 316 340 352 391 641 750 960 
21 68 300 444 454 461 469 617 719 730 879 909 987 
42 320 404 469 508 608 609 701 737 763 779 954 
60 351 361 608 642 672 768 806 810 909 916 
40 47 105 134 256 299 428 464 470 497 846 
242 267 278 289 595 943 
120 589 774 821 824 852 950 
51 127 255 353 511 646 728 768 792 823 914 
274 504 616 644 720 727 857 943 966 
47 74 76 370 402 497 532 730 
142 445 469 563 590 749 826 873 915 992 
57 77 119 199 220 346 368 445 718 741 775 799 806 836 
101 182 238 532 536 615 661 755 834 
145 219 402 566 585 601 602 635 753 967 
14 52 57 432 447 644 779 866 
35 171 184 202 213 274 818 881 905 996 
289 440 659 
64 339 577 608 618 719 818 867 905 959 962 
15 35 85 190 241 311 499 596 644 726 764 826 857 894 976 
126 283 321 386 391 492 533 717 873 
56 57 121 235 383 426 468 557 803 931 
517 583 824 
46 190 341 489 499 504 586 808 836 922 948 
8 89 132 272 344 436 526 529 595 631 640 648 832 842 886 996 
17 37 143 144 426 462 516 648 833 997 
84 97 260 273 322 511 787 926 959 983 
13 121 127 655 681 788 855 884 955 
600 
355 411 457 519 552 606 693 792 835 909 995 
6 71 211 235 241 311 416 504 512 792 887 
104 181 256 285 409 600 614 640 666 712 725 799 886 
25 79 105 204 275 312 531 608 688 823 884 
109 273 277 435 486 519 644 666 682 793 804 808 876 999 
52 102 224 291 507 508 528 591 631 730 802 836 928 938 948 977 
9 142 212 223 235 270 400 534 615 817 
68 172 370 441 507 531 568 708 751 772 839 
4 350 356 369 418 425 458 475 527 544 602 734 
28 126 397 402 471 572 741 923 
121 154 283 378 624 837 857 
22 52 178 236 252 318 434 453 660 889 
34 38 60 62 222 433 529 709 745 925 990 
77 83 100 581 705 772 
37 111 132 158 226 371 412 471 540 660 778 792 802 813 
124 221 241 327 564 641 744 900 940 
327 534 719 739 934 
4 7 77 95 103 185 348 392 561 576 774 974 
79 85 105 107 255 277 588 814 829 883 895 920 972 987 
51 52 64 156 196 220 333 400 433 435 457 533 635 780 795 915 938 946 977 
139 154 156 369 530 533 593 637 707 786 
221 243 424 432 546 561 582 627 774 867 870 995 
211 356 483 548 555 556 614 661 935 
41 112 201 289 305 454 582 749 835 875 996 
38 43 211 218 242 259 280 312 412 414 532 650 825 983 
256 265 303 454 547 574 576 
247 275 309 377 387 561 599 657 786 817 895 967 997 
52 98 159 220 236 245 381 486 673 812 861 
14 50 254 393 394 502 577 585 704 
80 183 454 693 813 837 957 
105 128 347 604 660 670 860 887 889 908 951 
117 142 186 311 405 457 546 695 951 
84 264 368 411 452 834 875 982 
3 43 168 201 208 301 321 344 515 611 676 863 
3 106 453 647 676 745 752 847 868 942 952 969 
49 220 307 519 569 673 764 870 912 937 
193 233 304 447 487 564 645 718 736 882 907 958 963 
91 95 177 236 281 316 331 404 457 565 676 684 944 954 
46 120 134 280 332 344 358 360 369 409 509 
341 394 417 493 519 566 577 584 653 695 728 742 817 897 912 966 978 989 
33 310 312 405 418 480 500 562 731 767 858 872 923 947 983 
9 128 138 256 301 338 519 532 581 
142 371 495 673 703 718 789 810 901 
20 75 156 253 386 596 889 952 
7 11 65 130 241 295 305 581 720 981 
57 124 340 360 459 644 874 
112 330 333 375 471 832 872 936 
84 496 535 904 
71 163 205 239 312 397 536 568 572 666 741 827 855 866 
108 176 251 342 362 461 570 
96 144 146 246 304 368 559 685 733 787 791 854 857 868 938 
10 143 217 472 617 714 887 
59 109 172 356 390 474 494 562 579 586 
123 227 294 324 491 842 
299 404 412 761 874 947 
27 459 696 712 738 856 881 977 
11 27 70 138 254 322 411 413 599 695 
127 148 387 397 431 447 460 818 
110 161 163 376 402 456 461 526 672 801 939 
265 346 373 375 386 448 720 728 811 831 833 915 991 
256 284 435 459 468 899 
4 112 131 132 187 272 308 320 328 351 450 606 895 902 
33 166 202 226 240 280 375 472 487 488 559 568 719 923 946 
215 287 334 474 541 544 585 671 726 908 956 
285 379 388 491 519 576 665 741 931 
98 408 448 737 789 831 996 
23 86 143 547 567 640 692 768 824 927 
29 238 318 341 484 516 834 932 
189 247 301 419 430 439 445 463 563 610 759 785 940 
4 38 205 270 603 890 941 977 
105 114 119 319 508 668 792 
362 385 420 428 430 574 698 904 
71 385 477 484 587 806 
0 114 264 332 404 549 631 695 702 843 866 980 
30 72 87 369 445 486 567 717 842 
76 285 328 345 572 615 662 763 948 
262 326 469 531 549 
14 31 138 192 319 392 401 486 494 565 581 592 684 923 
22 24 85 99 229 236 355 514 593 643 652 
71 275 415 424 618 858 876 933 
17 46 122 226 329 334 439 629 686 780 804 
133 222 295 561 566 595 885 909 
29 515 746 996 
184 197 287 469 508 566 625 851 
16 168 317 389 447 578 620 818 836 843 
14 104 143 173 220 396 407 443 502 543 564 669 740 790 940 
75 79 114 133 184 193 339 448 449 583 604 636 672 790 803 926 
116 202 260 314 466 680 851 912 
150 286 630 698 792 965 978 
104 292 324 367 482 508 728 752 876 939 
5 13 373 452 492 563 700 704 734 777 802 867 
68 127 129 219 384 396 632 715 787 798 802 880 
241 242 275 430 491 554 567 779 796 885 
283 293 421 532 566 597 646 862 874 
21 91 254 342 483 505 517 589 684 786 848 
482 579 596 871 928 
9 74 82 280 483 543 569 635 709 776 890 922 
51 196 354 358 428 452 602 603 614 993 
254 469 558 692 704 767 856 982 
43 117 133 305 404 529 791 874 877 932 936 943 968 
29 38 263 384 395 455 504 754 822 922 994 
26 76 86 162 382 399 415 478 560 825 
79 95 151 212 241 274 402 434 457 836 
145 173 239 720 758 759 853 963 994 
59 322 580 707 736 773 
23 37 199 215 486 518 549 686 713 799 861 924 
628 992 
267 350 433 462 710 808 847 868 921 961 971 
107 134 154 172 246 319 347 527 792 793 848 953 990 
30 45 54 103 121 207 240 319 351 409 641 646 839 946 
31 91 107 113 206 355 606 671 706 763 766 776 794 868 964 
194 539 658 756 769 941 
76 209 368 438 485 496 823 
275 355 404 426 508 553 648 886 958 
10 122 129 207 246 518 
3 88 134 291 826 863 940 
45 78 85 182 231 308 686 763 823 920 
388 419 425 520 683 759 809 851 996 
157 175 180 203 215 505 537 
44 287 365 502 511 765 921 
20 43 156 175 286 288 408 410 467 698 718 732 744 901 955 961 979 
20 99 188 199 324 357 404 596 650 668 697 733 852 930 933 
47 61 163 404 472 498 575 583 624 650 749 940 974 979 
5 198 203 350 535 572 652 660 
44 57 62 94 161 300 331 436 455 574 579 665 692 722 837 
124 166 239 334 335 390 531 629 682 707 809 
187 269 307 321 386 388 425 443 497 504 551 691 965 
20 145 152 272 373 540 585 615 647 825 
37 109 184 276 391 410 475 509 742 847 913 925 
109 138 142 146 165 321 454 473 513 603 828 867 918 
36 191 302 342 378 434 492 572 718 887 
176 302 836 984 
13 42 141 204 212 387 470 529 638 842 861 
150 320 704 741 978 
52 159 209 407 733 775 786 799 861 866 949 
142 248 271 361 474 539 610 689 931 956 994 
14 32 84 301 491 903 990 
342 662 663 672 696 800 862 935 
136 139 214 224 350 367 469 604 640 645 802 834 913 
144 393 411 544 660 832 
229 391 490 536 754 768 886 
17 58 105 254 322 406 413 430 472 495 677 850 899 
0 504 567 578 889 903 967 991 
191 246 257 330 436 751 949 986 
56 149 218 600 684 786 923 
213 373 462 641 817 845 935 958 964 
27 169 177 360 515 525 565 984 
50 213 270 435 539 593 644 706 831 959 966 994 
302 316 412 563 617 676 688 
281 297 341 445 510 610 631 645 716 719 760 843 920 
96 130 247 248 268 321 457 615 622 772 896 
77 85 211 222 269 348 380 384 613 673 741 793 894 
273 465 765 813 
55 60 112 133 404 716 755 918 
130 330 381 589 646 666 684 883 
7 14 25 184 287 342 600 850 
99 414 426 458 678 735 920 937 
82 144 301 314 421 741 763 787 811 884 992 
119 197 298 433 502 548 560 626 637 763 
77 235 318 398 414 603 674 681 690 779 899 
42 72 152 158 560 638 688 705 752 809 817 930 990 
304 357 451 917 922 
87 316 325 416 437 456 591 830 
117 132 176 379 495 541 795 876 
284 369 421 689 744 871 
53 76 227 346 446 490 623 666 687 788 
2 63 500 613 644 657 751 897 962 
27 61 106 283 454 535 550 578 613 731 872 964 
25 32 211 317 343 447 519 592 624 
81 126 207 412 486 525 890 896 969 979 
29 41 129 331 422 505 570 657 722 
70 96 217 383 405 430 481 615 712 780 825 922 982 
14 114 345 419 430 498 548 776 838 904 959 
282 371 501 559 823 850 883 936 989 
49 80 127 297 347 454 715 815 896 934 
10 168 262 294 432 504 549 589 690 691 819 884 
39 103 116 428 464 482 
39 246 308 349 367 390 422 628 633 664 693 821 835 876 
39 51 275 357 385 514 693 781 891 970 
145 332 349 370 418 761 837 
98 325 387 463 831 905 
11 39 152 192 193 235 365 459 475 527 555 576 643 723 729 746 750 876 
7 244 266 421 824 840 
145 318 387 662 854 946 
159 478 518 589 708 748 
16 50 140 309 335 379 770 796 920 928 
65 96 120 201 499 904 
178 215 229 322 449 506 514 629 721 944 
15 45 100 259 351 502 575 842 996 
22 70 146 245 277 289 513 681 789 818 850 
71 158 178 368 395 397 402 682 734 916 
69 101 474 818 907 940 
48 153 215 227 269 307 376 401 448 750 787 
52 191 289 312 425 452 454 497 500 755 
64 131 206 252 302 796 829 862 961 976 
65 276 342 350 359 441 498 522 705 761 870 
127 158 197 442 545 568 573 740 825 884 
23 86 207 329 569 576 671 781 953 988 993 
127 184 226 350 384 739 891 
17 23 205 231 343 491 532 640 656 770 841 946 
9 41 56 295 404 431 433 445 470 484 557 572 583 817 829 866 917 927 
99 176 273 337 442 696 822 829 973 979 
8 82 154 192 256 330 445 508 537 969 
151 168 303 313 354 462 716 793 872 982 
9 11 39 63 78 123 144 151 452 576 589 662 725 780 863 868 895 897 911 
135 140 760 
31 67 142 162 175 181 244 258 502 604 644 954 972 985 
38 245 300 522 547 570 597 599 613 850 
6 88 173 318 463 522 534 760 850 
59 255 256 292 418 429 513 567 612 733 873 979 
741 869 955 
75 120 327 382 428 697 704 902 998 
208 485 711 723 807 904 936 
10 216 223 486 531 568 636 783 839 
65 90 131 192 503 507 664 691 693 855 878 894 982 999 
22 87 613 820 845 
45 183 227 332 351 418 473 553 632 767 
3 67 112 409 422 446 597 780 857 894 910 957 
428 549 588 597 609 727 797 853 
98 176 400 570 778 936 982 
36 96 172 200 572 654 793 
246 277 280 400 433 489 641 646 704 769 800 819 937 
52 68 78 82 149 220 260 283 463 587 794 810 813 942 
312 681 734 736 744 894 930 
63 258 275 530 560 604 655 966 
22 111 227 258 350 383 559 614 657 830 
49 233 279 328 371 480 596 618 747 923 948 
191 222 452 492 574 754 925 943 995 
143 383 890 
222 430 513 530 647 709 795 945 976 995 
81 182 243 255 284 297 331 377 606 661 696 987 
116 156 229 393 477 641 839 935 937 
122 296 795 844 906 939 
29 158 216 334 522 616 794 901 
60 319 446 505 558 748 840 894 
63 107 116 151 191 293 540 669 987 
5 37 73 74 237 409 522 768 791 827 906 924 943 
76 203 220 258 300 456 478 669 676 760 775 817 882 961 995 
20 274 444 576 762 805 863 
99 115 123 204 231 233 251 317 391 547 716 859 875 951 
54 125 274 280 311 330 379 385 557 625 780 875 
23 73 349 353 438 470 517 536 565 773 785 817 924 
25 58 75 96 114 381 645 944 
35 69 134 164 314 365 464 543 782 819 
199 214 221 231 355 561 752 906 925 
449 673 819 836 
73 259 427 504 649 954 
5 42 74 182 201 301 404 420 480 599 701 738 814 855 882 
1 11 60 81 202 237 440 665 666 671 709 717 725 
28 29 146 180 201 204 247 339 456 558 662 976 
26 48 63 107 121 289 533 620 844 882 940 
112 290 446 666 701 768 845 935 959 
1 109 140 406 450 466 565 575 677 936 949 
70 164 255 484 612 740 810 834 944 
20 59 84 291 329 349 420 428 585 735 945 
173 324 535 559 565 603 891 
41 92 130 289 415 499 588 742 775 790 865 874 891 893 
69 197 355 480 704 715 999 
172 240 247 342 522 567 573 598 664 698 783 803 821 833 851 961 999 
45 144 311 370 461 510 543 636 758 881 939 968 
4 123 174 340 435 596 808 
41 111 209 292 629 993 
75 90 245 336 646 715 794 850 913 966 
172 398 659 683 747 753 937 971 
187 396 481 667 696 772 
193 426 478 621 707 711 849 912 914 
86 121 207 267 470 578 584 608 697 783 940 
68 341 382 481 680 685 728 733 910 970 974 
177 219 264 287 321 333 349 392 408 501 522 636 742 767 887 930 984 
130 166 374 446 
4 86 145 213 432 509 668 750 806 831 
7 189 284 436 439 568 671 697 713 866 959 
106 259 395 410 709 744 826 
373 569 590 664 698 703 
109 154 160 271 424 549 689 
21 112 209 430 729 895 
38 98 104 140 168 197 288 461 514 574 591 610 688 710 719 826 957 
247 604 700 737 748 766 969 
414 448 453 455 570 622 741 753 929 
45 111 115 137 139 158 172 201 360 367 400 503 966 
21 106 112 235 294 415 610 661 771 967 
100 174 176 226 411 773 875 938 946 
30 123 214 527 594 980 982 
210 264 278 284 382 584 671 777 
72 153 187 233 314 323 397 463 607 639 789 818 981 
8 130 237 270 273 462 687 
123 362 375 621 669 723 
53 202 490 617 667 882 944 946 977 
22 53 113 285 433 479 768 891 915 947 
90 148 157 259 553 621 671 722 781 867 897 937 964 966 
33 129 237 284 325 540 594 609 866 937 949 
298 327 338 446 450 564 603 630 632 802 854 962 
126 141 146 175 253 270 315 503 660 684 779 889 
8 33 53 64 207 226 415 481 501 502 516 549 634 841 962 973 
60 475 516 582 667 683 829 
244 427 551 655 753 797 825 861 
24 371 384 439 578 812 862 898 
137 313 563 716 759 989 
99 448 540 718 777 920 973 
124 255 381 415 496 620 736 797 851 996 
1 110 138 152 275 549 755 
151 217 311 369 415 527 669 756 780 804 883 905 
39 355 394 458 552 803 859 
238 339 345 395 422 650 673 687 
48 165 234 285 353 356 423 590 705 803 947 
62 80 121 193 344 380 929 
361 365 425 744 767 928 
32 125 174 213 225 271 448 466 485 574 592 601 642 
83 111 224 271 586 592 734 831 861 883 
179 521 800 895 970 
69 278 450 530 554 599 639 693 795 978 
68 136 306 377 403 423 539 604 716 
835 867 940 
50 112 277 292 360 522 602 791 805 866 
231 265 324 353 378 597 610 834 882 
145 263 294 429 432 529 559 562 631 718 790 884 948 
48 49 67 123 143 177 218 367 516 523 572 603 827 866 990 
50 255 275 421 691 
80 90 110 233 273 349 
54 274 499 530 615 661 709 792 821 858 
24 38 146 171 275 591 878 992 
123 142 196 214 290 300 341 550 586 597 624 663 664 844 891 905 923 962 
128 562 584 633 744 791 
41 57 319 383 466 523 578 650 795 843 874 958 970 
39 124 287 308 330 351 441 514 627 723 808 999 
0 51 58 103 183 240 356 472 766 
180 187 264 346 410 504 543 688 736 879 905 917 
19 40 112 194 572 590 598 613 638 701 820 834 913 926 
8 64 247 274 276 318 580 726 800 861 
55 82 84 233 279 361 443 450 496 578 803 910 931 
9 27 152 161 193 199 505 558 728 864 916 929 
197 207 522 638 763 810 952 
62 110 346 382 448 587 699 785 827 849 945 973 
1 3 15 74 215 270 350 425 477 511 586 672 833 851 880 912 
107 161 193 250 269 289 376 492 773 994 
34 196 205 251 256 332 436 470 537 851 
195 294 331 410 432 578 622 654 658 716 717 890 
3 52 82 139 165 239 249 547 558 644 714 808 869 908 
72 161 196 290 347 388 522 736 762 778 859 949 
5 130 489 637 754 808 890 897 
15 29 70 230 346 441 457 545 554 559 612 737 812 963 
23 89 202 289 304 356 470 525 651 698 888 955 
262 340 561 609 625 775 886 
126 181 440 570 969 990 
52 98 166 283 518 527 812 833 
91 298 300 435 448 454 664 694 
163 473 663 691 857 949 
13 41 217 287 344 402 605 725 809 
8 46 432 653 672 795 835 838 854 972 
48 75 125 161 559 578 786 960 
5 7 61 218 302 375 532 701 753 
13 19 186 231 450 681 698 760 771 779 831 984 
423 442 468 473 550 645 711 777 798 813 856 882 917 
65 115 138 196 221 303 669 743 847 913 922 930 933 
128 156 170 386 547 612 613 832 884 888 912 960 988 
73 103 167 340 622 643 744 826 834 848 917 
178 198 212 346 498 549 610 677 701 861 
63 110 138 141 151 236 240 528 790 951 955 
83 200 313 325 349 364 410 486 522 534 571 597 621 755 770 842 897 926 
3 70 129 273 284 355 425 454 693 819 827 853 
28 118 163 201 251 496 633 681 881 
149 235 400 519 565 676 683 765 809 847 880 
77 132 358 420 486 583 692 725 893 900 
1 62 154 246 314 423 625 885 
1 104 293 343 417 639 796 816 823 972 
26 128 321 447 874 928 984 
224 310 419 466 543 719 773 846 934 
30 151 199 237 283 398 465 471 483 504 551 573 578 626 727 
147 235 242 307 369 553 689 716 798 799 
53 76 118 189 462 581 699 858 896 
201 337 533 573 974 
39 99 112 430 632 694 722 878 937 944 995 
168 347 393 471 524 525 540 567 745 799 809 876 931 
10 322 484 498 541 686 798 995 
179 345 365 413 425 436 738 796 817 887 905 971 
111 138 146 672 919 967 989 
62 120 182 234 260 359 375 492 493 504 751 771 846 926 
15 202 357 404 409 429 434 465 674 701 703 791 
21 125 134 242 250 298 325 327 392 450 806 
35 70 463 472 621 719 921 
76 85 148 204 326 437 576 665 815 
18 22 59 219 266 348 438 451 473 699 769 913 
397 417 549 796 879 
31 118 272 461 561 700 897 963 
109 127 487 577 657 672 747 792 828 991 998 
23 102 183 222 243 292 446 562 606 841 854 901 
91 163 174 180 197 220 382 476 486 513 694 731 787 820 824 
13 127 229 239 311 524 632 836 845 914 
32 346 476 484 492 578 617 687 717 777 982 
143 165 267 505 506 507 595 758 834 
45 244 256 287 379 484 576 861 955 
58 90 91 92 98 102 219 326 549 616 624 688 793 808 930 
70 229 388 602 689 699 768 852 853 933 
160 190 234 350 400 517 569 577 687 732 786 805 
237 360 381 401 512 533 620 760 926 927 
13 82 312 328 441 544 561 604 711 756 
0 73 173 314 349 453 682 762 877 983 990 993 
51 59 295 344 360 416 490 494 543 653 726 940 947 970 
33 193 355 502 732 835 863 
75 190 214 294 366 427 561 568 651 742 928 969 
64 100 104 191 240 461 508 529 553 564 610 714 774 893 993 
190 207 217 226 314 364 405 521 597 603 754 925 
52 124 413 472 561 583 629 710 731 776 909 966 
158 192 361 398 462 587 696 858 870 963 
133 136 173 236 374 460 607 666 854 959 999 
117 362 428 497 514 647 862 897 
40 175 179 256 415 420 429 525 526 538 605 758 773 810 902 919 
52 124 367 404 486 607 719 
412 443 569 603 650 762 776 826 
44 54 405 657 702 731 758 760 853 969 
213 328 493 684 732 866 
32 46 118 197 309 322 484 488 658 666 815 959 988 
34 61 283 642 644 685 727 756 779 
144 159 250 346 690 978 
148 427 453 590 621 696 918 964 996 
9 14 43 126 378 411 412 583 666 729 734 883 
2 40 183 279 305 318 329 382 386 403 488 491 519 593 739 
114 119 217 224 278 349 672 
55 158 196 259 297 407 420 667 739 790 
16 231 253 275 337 531 548 913 930 
133 163 264 315 352 422 581 703 779 921 923 
56 118 156 304 407 465 561 762 803 
50 118 169 347 420 429 480 567 608 672 
45 83 95 256 270 379 595 634 637 655 721 750 928 
48 123 242 245 340 467 494 496 603 632 676 781 
312 348 458 499 569 627 640 976 
148 522 683 799 982 
1 20 281 406 607 705 881 
74 198 281 440 451 564 678 763 813 
2 5 51 244 271 273 320 417 464 518 914 
57 160 235 365 398 413 414 478 557 630 915 955 
27 279 311 448 567 757 843 893 
28 78 226 241 394 508 683 790 801 885 
8 49 177 388 492 529 545 555 689 707 714 743 810 860 919 930 
8 120 379 394 419 585 707 711 732 771 862 908 
91 167 283 319 351 399 497 660 682 
68 100 123 185 285 386 391 427 512 657 795 814 891 
37 39 133 273 351 860 
28 42 203 340 412 612 660 945 
2 231 313 519 648 767 850 
61 83 164 242 263 346 457 499 526 528 567 585 693 714 902 
146 399 487 667 680 799 809 899 990 
209 241 285 360 374 440 495 515 587 601 823 868 
401 550 573 583 706 713 815 823 895 997 
185 249 305 385 426 442 652 709 717 749 906 948 961 970 
37 76 230 518 590 696 716 732 806 952 
9 90 134 305 319 344 366 504 692 741 804 844 898 903 918 961 969 
0 115 364 418 489 501 580 704 744 920 942 943 
187 222 426 470 575 586 768 857 909 919 
157 170 417 761 813 986 
0 36 115 188 388 407 657 764 805 983 
9 43 218 325 391 423 515 546 630 683 702 981 
17 136 173 438 521 547 555 675 717 761 779 950 
357 416 591 610 755 867 978 
212 500 568 656 790 799 805 860 901 983 
229 366 376 492 547 573 759 932 994 
48 163 188 269 511 555 578 614 705 728 
78 361 449 537 561 654 696 793 871 897 898 972 
350 371 591 668 904 959 
144 197 495 502 548 677 724 767 794 907 922 
21 56 200 208 317 327 344 537 572 730 792 
25 108 285 308 894 
133 239 462 484 545 644 871 
73 162 202 300 440 469 497 570 586 691 953 
20 55 362 451 567 661 896 906 945 
37 160 178 389 406 445 607 613 707 802 942 
48 69 97 165 179 232 384 476 656 784 
19 178 204 273 313 315 344 366 459 486 488 623 688 750 860 902 942 946 
51 72 149 172 281 346 483 625 827 989 
172 677 718 733 812 823 904 989 
87 343 605 632 634 784 834 897 905 997 
77 209 241 261 316 405 579 704 736 781 830 837 
81 264 300 396 445 469 609 743 
42 262 513 526 577 634 686 
117 150 323 334 498 618 722 783 833 874 
81 106 135 213 301 376 765 889 991 
52 331 374 423 538 733 763 773 813 928 
197 212 261 525 853 
92 156 347 401 635 659 784 926 
36 100 295 310 
35 150 163 256 460 564 858 883 975 983 
40 70 168 309 333 371 415 501 555 695 726 810 854 929 
40 310 331 435 470 550 566 572 600 624 698 737 765 837 924 952 975 
17 220 279 471 521 575 670 777 959 964 970 995 
286 365 385 538 614 725 729 765 867 969 988 
57 84 186 463 512 527 654 760 887 897 
62 96 136 140 248 402 412 492 539 760 918 930 
521 818 861 866 888 999 
30 52 219 267 295 469 516 612 683 731 799 811 879 881 894 976 
369 403 421 604 670 734 952 
8 118 189 518 558 587 709 797 
48 322 405 597 644 825 
98 116 148 168 218 519 595 621 778 983 987 
92 146 163 575 724 765 917 
34 55 82 84 92 321 388 485 498 502 532 595 721 757 
53 75 220 224 504 567 575 622 681 796 812 878 973 998 
25 80 373 490 497 587 628 695 816 850 917 950 960 
3 6 472 653 662 717 730 750 884 931 
134 165 169 243 275 366 373 475 490 512 576 627 728 766 807 858 
16 266 294 379 502 551 591 644 673 746 843 853 925 
88 442 514 679 
141 151 259 359 365 883 
10 39 122 468 500 540 801 837 
6 68 71 166 345 358 449 564 598 712 754 801 
16 329 409 437 512 600 635 809 820 867 
685 756 835 850 856 
0 72 121 344 376 392 443 450 581 601 
96 372 373 587 669 744 802 808 834 873 905 
61 102 128 142 225 245 291 295 299 335 346 399 503 517 588 596 674 829 889 
112 328 351 398 432 478 610 
398 591 670 729 777 822 857 901 
44 66 214 263 304 317 780 841 
211 266 443 523 537 724 733 891 948 990 
276 468 581 898 917 950 953 
130 207 481 599 789 843 886 
137 142 287 421 514 569 628 727 789 884 898 
93 244 268 290 827 829 906 922 929 
164 285 696 826 957 
20 122 169 187 364 387 461 483 615 712 808 866 891 
23 35 57 139 229 380 399 437 481 501 516 558 593 624 857 867 967 
112 139 357 491 509 572 589 746 777 953 993 
44 136 440 554 745 880 955 
93 151 329 371 468 483 592 891 985 
243 447 534 762 831 846 900 
35 73 251 349 386 
289 343 443 546 551 728 749 848 
111 246 309 375 530 781 839 954 
49 103 148 159 317 531 715 717 726 
24 115 218 391 509 521 696 
8 14 122 208 319 329 471 531 818 914 981 
231 424 435 547 552 603 626 707 714 953 
406 520 583 
150 319 542 561 645 727 773 816 839 846 943 
335 379 386 388 444 582 600 697 700 754 804 841 893 
804 940 
229 346 432 582 694 866 
23 47 161 171 207 257 272 299 382 512 516 636 673 969 
31 82 114 155 193 272 355 484 601 732 736 823 846 
226 257 413 414 423 476 863 890 892 
193 230 323 541 595 603 781 818 835 853 862 
56 90 220 221 282 483 575 588 633 839 992 
105 190 262 285 469 479 579 595 818 
34 82 91 149 172 216 242 391 516 544 552 688 764 829 877 974 
6 14 324 395 413 435 634 735 958 
294 395 435 640 807 857 
300 358 379 609 770 776 854 935 943 
103 251 289 317 475 749 918 946 986 
22 44 98 232 502 764 835 963 
3 34 83 376 565 602 638 732 784 887 940 
11 365 427 485 647 702 738 830 946 990 
210 228 250 265 283 289 295 517 667 838 
81 88 133 154 218 308 570 699 744 851 875 
39 183 349 389 485 667 823 985 
152 163 172 286 553 618 729 735 873 901 995 997 
85 314 365 510 596 654 882 977 991 
141 231 239 377 397 449 638 723 751 918 
164 192 518 537 559 717 866 889 
9 43 55 107 267 304 340 468 656 711 735 913 
173 188 245 269 282 290 306 364 370 519 559 585 639 772 901 951 
83 129 135 312 396 532 558 644 753 
27 35 64 97 313 383 473 711 731 774 811 872 
117 282 315 442 654 720 860 937 965 
108 263 436 465 486 502 538 560 624 719 
100 398 406 430 467 563 623 971 
112 124 209 384 461 613 629 650 673 682 808 837 
176 413 562 828 900 955 968 
130 262 275 290 508 683 721 880 896 935 960 
43 56 104 111 131 431 466 752 851 
1 27 100 174 305 369 394 442 654 709 747 885 938 993 
150 286 452 675 817 980 991 
149 226 406 448 605 706 839 864 871 891 970 
210 269 272 314 461 543 853 870 877 892 
5 32 34 91 394 452 503 531 577 588 625 633 646 855 859 886 910 944 
94 132 327 369 458 495 666 772 927 
12 59 70 89 312 463 482 588 652 782 
34 196 264 391 459 500 654 674 675 918 
120 171 237 275 330 383 524 651 714 892 
69 228 395 421 487 657 696 702 780 942 991 996 
28 39 50 54 104 151 274 390 439 539 623 662 848 908 
324 391 408 799 915 999 
5 113 130 291 315 359 479 681 781 787 794 851 972 
125 225 322 382 490 593 646 956 
43 199 203 224 276 336 350 736 804 861 931 985 
403 428 474 480 485 832 919 
105 140 225 275 358 441 542 611 769 811 883 884 
107 323 338 456 546 807 953 962 
24 100 497 522 542 655 
257 346 378 545 876 901 
52 67 159 195 305 327 400 406 410 552 565 814 820 828 971 978 
126 177 316 320 366 425 783 859 897 
116 199 254 385 509 637 677 814 848 895 918 923 940 989 
125 149 261 364 407 432 505 729 800 849 898 
102 196 260 470 484 629 837 877 
318 409 512 682 709 711 790 795 817 878 891 
118 162 299 417 428 577 881 935 
67 167 188 321 536 596 753 768 812 918 
138 250 277 788 795 796 
64 118 599 906 
37 178 189 363 418 656 747 797 847 
