6 16 195 257 372 391 420 488 513 544 585 626 640 773 871 889 938 
107 116 310 370 386 446 465 476 479 536 564 729 805 891 927 
55 222 262 346 554 564 573 674 781 812 856 863 937 943 
176 250 312 368 387 433 560 589 595 618 668 681 838 913 934 946 
137 167 212 249 495 564 622 644 656 661 711 822 878 932 
124 141 469 749 757 844 
79 348 399 485 625 894 915 
23 201 464 517 589 712 892 940 
3 7 28 83 135 250 298 467 632 665 686 744 749 795 
108 483 535 621 961 979 
12 105 213 286 497 506 579 594 653 890 967 998 
79 82 234 252 281 392 488 518 678 817 825 
19 256 278 712 750 759 769 858 961 
86 258 328 338 483 520 587 597 790 823 831 856 984 
117 236 330 533 945 965 
147 425 649 651 669 725 951 
14 245 480 511 535 649 667 686 692 741 
76 625 673 
23 165 210 211 368 466 527 547 947 
48 91 99 132 162 271 353 382 398 427 612 651 654 683 792 864 875 
305 317 330 429 431 448 505 610 629 642 698 
128 131 258 299 446 494 622 652 714 717 733 774 798 856 
98 169 194 245 375 406 429 505 531 637 693 821 872 908 981 
3 66 118 125 175 180 247 335 462 550 589 612 757 847 888 
49 60 134 210 265 315 324 335 338 559 590 746 814 
231 243 303 362 392 582 595 699 861 
135 183 351 438 470 536 962 
77 142 161 356 361 422 505 513 571 696 828 918 
177 334 530 582 610 643 825 894 917 
64 146 188 221 
131 139 369 437 488 537 541 581 938 986 
191 270 354 572 595 621 691 875 896 
191 267 342 579 629 805 
89 132 167 195 213 319 377 552 701 734 
70 736 
56 128 307 415 561 582 818 980 
56 111 158 285 292 387 392 577 893 
29 114 143 160 200 224 253 681 749 801 880 889 
21 57 374 446 501 681 767 991 
127 417 465 496 539 681 690 746 816 834 
36 146 166 269 286 387 393 628 662 705 815 
78 310 576 635 713 974 988 
139 149 180 271 345 439 506 524 545 655 755 884 
136 212 260 273 301 383 519 541 573 676 884 
61 69 85 204 475 490 693 792 987 
65 100 235 353 463 705 
70 286 298 327 587 616 953 
25 122 477 504 506 593 827 943 962 
308 377 394 514 703 767 785 954 973 976 
146 174 227 249 264 402 732 776 795 834 909 
2 5 99 173 539 618 733 803 862 893 914 
69 72 545 558 585 587 706 714 748 842 
49 100 169 287 412 620 662 745 879 907 985 
222 239 252 315 475 545 593 661 901 905 
24 297 401 535 674 689 696 750 940 
319 615 667 764 841 917 
159 224 372 400 509 588 686 711 776 836 870 
100 208 305 343 347 431 551 639 663 722 798 835 903 
24 149 526 636 685 711 780 849 854 952 980 
214 366 701 842 849 985 
371 388 889 
304 490 751 773 836 896 945 965 
149 170 183 234 505 718 776 819 
78 99 139 218 266 312 371 436 468 537 544 749 770 817 
65 105 143 167 374 617 729 830 864 
110 295 410 678 721 
150 158 238 389 440 565 929 933 
28 132 447 622 632 699 731 992 
33 57 98 208 414 428 434 534 649 672 808 879 
0 113 121 357 422 545 571 585 626 657 753 989 
12 128 258 305 377 537 729 749 774 787 893 
30 128 130 229 453 528 562 748 775 777 784 
22 234 274 483 509 596 822 901 909 
76 147 170 283 290 303 468 487 489 537 643 717 728 877 939 
187 372 487 602 619 694 705 784 
86 113 115 137 222 291 478 613 675 884 892 
77 98 146 306 311 396 677 756 821 867 905 923 943 
110 232 280 434 572 810 938 950 
202 212 546 676 683 770 886 917 
304 457 533 554 639 732 893 
17 107 156 174 369 405 409 526 658 675 796 878 
412 458 476 555 556 557 609 680 683 966 
20 41 101 154 248 279 285 405 473 488 654 690 697 721 792 869 924 930 961 
1 39 168 424 476 545 636 781 828 866 
2 135 170 227 246 282 348 435 623 842 999 
65 70 274 352 650 
38 67 268 303 391 569 906 
28 82 270 280 531 695 892 
49 82 239 415 645 701 
126 374 761 955 966 
0 144 154 199 243 373 401 565 732 824 827 862 886 
10 42 201 220 291 400 461 535 872 997 
235 286 287 415 595 657 735 740 917 951 
82 104 128 159 193 291 429 476 751 963 
147 258 346 378 555 633 653 677 757 878 
64 261 450 693 727 766 943 975 
11 64 387 406 639 660 725 978 
117 138 409 536 669 675 773 798 826 946 968 
54 124 154 203 231 349 356 370 411 430 460 471 475 577 947 
37 116 209 237 309 453 521 650 810 888 924 
40 43 198 238 323 450 501 677 692 917 979 
170 195 219 317 362 563 613 667 773 823 905 
72 258 307 414 653 705 
190 236 329 426 436 662 666 723 767 991 
168 194 245 477 530 573 593 930 931 951 955 
71 92 147 287 473 581 639 643 688 799 803 841 949 970 999 
47 82 162 521 573 635 861 911 947 
60 270 289 328 427 477 699 704 829 946 961 
29 199 293 355 365 451 638 742 749 767 818 917 965 
16 26 290 317 342 461 719 848 852 985 999 
49 219 226 253 255 463 493 693 739 791 801 892 916 
93 234 374 403 458 644 830 895 
13 95 125 271 314 375 416 515 644 664 682 738 802 890 926 967 
190 247 302 530 578 591 651 652 776 799 916 942 
19 93 126 133 142 159 161 169 171 575 594 683 766 
562 620 641 654 699 736 743 819 823 
39 297 305 372 451 625 650 841 906 939 
44 45 169 266 271 322 480 488 570 589 613 752 971 980 986 
8 48 66 394 444 683 897 911 970 
401 657 
51 62 85 88 279 406 420 421 498 674 779 913 
2 250 335 351 379 385 441 442 496 581 665 943 
42 82 294 299 396 426 443 450 625 676 719 759 810 989 
7 76 120 144 411 573 644 764 768 805 963 
172 190 208 397 507 547 812 831 975 
9 189 218 394 477 546 547 711 733 883 
130 146 496 579 639 655 767 940 976 
67 103 223 277 497 704 786 828 
5 7 270 393 426 529 640 763 895 
218 454 463 534 643 717 779 822 
3 28 464 497 626 676 688 745 761 803 853 922 979 997 
168 212 463 563 777 855 899 960 
60 126 226 297 358 406 438 480 586 
212 275 498 515 532 545 612 778 827 878 893 
110 212 305 326 435 746 818 831 854 933 950 
48 67 118 200 235 259 282 321 432 452 635 699 961 986 
72 109 160 213 290 344 363 390 392 513 750 
2 175 228 320 529 685 742 752 805 837 878 967 
4 154 285 364 390 521 637 784 826 913 939 993 
42 266 283 435 565 595 613 721 770 840 
11 235 309 363 385 386 408 542 629 783 853 863 938 
47 73 167 333 450 511 549 610 637 639 880 
85 354 397 494 929 993 
72 319 354 396 463 518 648 679 692 866 
33 177 389 760 814 942 977 
102 380 534 726 876 911 969 
152 208 284 412 448 498 598 686 691 969 
190 369 386 486 549 809 
347 434 634 778 890 893 916 918 
1 160 460 615 690 780 
104 148 222 236 317 481 708 820 864 
119 134 230 307 452 630 720 785 883 937 
118 221 403 561 681 781 888 926 963 
184 394 509 786 809 846 860 878 922 948 949 978 
224 239 480 563 586 729 791 953 
8 50 90 130 137 168 204 237 461 639 810 934 
175 232 338 371 436 444 448 475 861 958 
37 274 365 440 717 736 802 984 
5 191 222 530 727 949 
3 124 184 210 298 331 383 456 
20 23 254 389 484 592 600 700 745 781 809 857 908 940 991 
212 220 263 302 314 452 549 614 618 623 642 648 790 871 912 958 
225 347 478 523 678 977 
340 506 534 545 641 656 752 759 853 861 876 971 
143 197 254 271 319 334 379 381 453 484 710 730 749 887 900 
434 496 596 615 679 803 913 
29 198 203 361 508 726 797 867 887 904 943 
334 351 413 424 698 724 778 834 930 942 
145 255 303 308 360 469 546 624 795 873 
207 378 425 472 526 573 600 602 604 660 709 731 774 908 
34 43 66 230 319 375 505 506 558 570 642 661 772 785 906 
54 194 389 425 469 742 766 782 947 998 
8 36 42 56 180 217 405 537 665 716 
17 54 81 83 172 213 225 264 276 298 302 303 352 364 373 409 549 612 617 699 752 775 803 808 986 
38 167 519 603 761 916 935 
1 31 162 179 318 366 655 735 802 807 950 993 
100 174 338 573 583 717 754 812 907 940 
14 51 170 334 354 552 746 
26 121 149 256 300 325 340 373 514 671 
11 38 40 95 355 403 454 512 712 812 
108 155 159 209 268 305 529 547 643 644 655 778 861 
27 182 247 258 312 319 368 422 525 536 598 637 744 759 
111 226 274 287 359 521 613 665 708 837 850 
91 101 108 122 170 305 366 429 748 767 855 
57 319 345 402 425 444 
169 213 315 385 391 532 559 855 
94 209 229 432 456 559 579 973 999 
616 694 762 841 899 931 950 
164 208 275 697 713 839 950 
36 101 133 248 357 372 410 461 462 499 643 644 679 
193 258 383 624 675 812 
117 195 468 563 709 848 883 892 925 980 
109 131 139 145 241 343 592 651 689 748 758 922 951 
26 69 180 197 239 265 360 382 634 638 674 698 772 823 847 861 905 
153 210 247 276 355 408 420 541 669 713 
268 357 531 548 549 657 
39 140 212 240 353 385 451 565 671 712 724 734 756 892 977 
21 171 203 426 460 657 782 910 
150 211 239 276 388 391 440 521 575 650 811 
3 45 162 252 287 288 587 620 647 649 675 687 710 987 
161 344 545 656 764 
118 288 392 423 451 457 461 522 574 594 841 844 943 993 
223 281 364 420 517 618 719 767 772 813 
84 209 252 441 556 679 895 899 983 
195 203 206 210 418 607 609 935 
54 84 157 443 458 503 543 649 691 789 939 
80 283 340 408 409 444 579 602 720 736 898 
44 145 151 244 250 327 365 489 511 779 846 953 984 
183 208 360 402 503 690 759 769 821 963 
39 112 118 196 750 813 872 952 
86 166 187 194 206 435 542 559 665 769 795 859 875 
63 311 405 448 491 529 532 593 608 633 766 931 948 980 
35 97 143 295 420 569 660 783 909 916 963 
94 151 172 182 347 416 589 614 748 798 863 979 
541 617 694 720 736 781 
5 84 315 468 471 519 525 742 874 
502 525 590 648 664 758 796 835 
45 294 385 390 516 533 562 653 662 988 
103 290 302 337 466 487 508 569 759 906 
383 429 464 491 565 629 719 752 
30 189 411 419 657 848 900 928 976 
19 159 265 322 335 362 526 579 717 
18 143 402 619 685 727 757 
148 155 270 398 433 585 801 
149 199 283 604 765 782 851 
11 87 248 308 366 460 504 666 783 877 940 
142 239 272 306 343 387 485 500 595 601 609 622 750 757 774 791 838 922 938 994 
133 158 187 344 397 515 718 770 837 841 
39 303 306 334 440 653 784 785 
1 141 162 250 253 319 387 564 774 859 973 
78 173 224 292 454 613 636 639 641 647 822 
89 158 504 568 607 885 968 
31 476 502 605 
229 275 316 381 485 598 634 661 663 674 786 848 868 897 917 
145 297 334 740 749 780 944 
370 689 774 940 954 
58 189 241 365 484 557 683 967 993 
77 84 104 127 132 184 244 254 277 332 408 440 496 575 725 851 
34 398 744 898 919 931 978 986 989 
35 126 476 804 889 
15 83 195 206 307 313 456 522 523 590 593 607 818 
60 68 307 483 571 615 687 908 918 986 
120 152 410 418 458 620 640 942 
151 191 298 345 415 443 476 493 627 730 779 797 828 979 
32 154 157 336 395 463 474 530 563 772 777 806 918 938 987 
27 198 325 515 794 885 906 973 
210 390 660 741 899 973 995 
0 41 165 356 503 603 630 632 642 700 813 914 
47 73 151 178 254 280 604 648 652 716 757 818 829 986 
7 174 241 374 440 619 750 751 
3 15 433 458 546 550 612 742 790 826 999 
2 353 424 460 466 502 644 672 754 942 985 
20 51 201 255 386 460 472 544 928 934 
19 133 135 142 145 288 291 793 965 
24 61 161 248 320 334 355 488 536 622 637 699 747 774 776 798 
1 7 23 207 448 524 563 606 642 893 975 
175 274 310 336 345 361 470 484 535 638 728 737 748 932 944 
19 120 177 235 237 334 342 537 607 631 641 646 726 763 785 937 989 
12 64 77 220 285 343 489 534 555 671 785 892 917 988 
64 68 86 109 265 425 446 486 494 539 649 809 
33 104 159 349 360 379 591 662 758 909 
384 662 766 
9 41 92 198 209 370 420 458 494 648 823 857 943 
55 67 111 121 204 225 303 424 539 551 605 613 734 
283 461 473 484 880 949 
25 232 235 363 605 663 669 877 902 907 995 
30 163 188 210 227 314 378 558 562 703 771 910 988 993 996 
5 150 216 272 293 316 448 557 
19 175 316 392 567 776 872 944 
86 267 290 305 337 656 706 844 
14 151 385 432 485 612 748 757 804 836 930 
76 127 140 143 377 391 574 641 645 699 785 864 883 
43 149 349 586 594 713 715 727 764 861 
168 191 215 325 346 473 533 582 819 
131 170 365 442 629 720 835 887 
8 334 336 436 451 558 651 729 860 905 
311 384 586 640 701 704 840 885 
3 84 115 140 153 415 437 516 560 572 776 842 953 
23 54 117 188 287 339 527 529 588 710 715 850 939 
21 40 260 364 536 722 778 897 899 940 950 
162 174 345 435 603 870 
101 186 210 272 748 781 812 925 
30 140 208 383 451 887 947 
50 151 152 307 365 379 508 521 554 745 757 758 789 809 844 868 871 932 
16 17 196 345 416 432 673 686 
248 337 540 670 692 824 
3 81 139 338 387 476 834 868 951 997 
13 53 108 180 182 346 351 
153 364 380 418 443 507 605 758 771 779 807 819 939 
17 24 116 227 335 338 353 396 400 426 430 458 524 564 687 693 734 968 
22 43 182 241 302 439 693 720 801 865 995 
229 240 399 461 522 541 620 764 793 876 919 930 
208 307 411 674 716 804 859 878 
73 80 263 491 518 611 743 806 973 
89 485 489 588 685 720 824 915 943 
246 334 346 575 899 
107 157 692 721 806 869 
261 270 330 335 465 554 671 737 859 
53 68 79 153 256 298 502 698 752 757 833 927 
21 115 186 327 422 625 661 680 972 
11 36 201 422 448 455 479 516 547 598 618 659 739 826 928 970 
41 144 181 238 287 355 415 436 808 896 
105 113 161 225 305 418 419 667 722 782 822 891 951 969 
13 246 290 435 496 512 706 747 815 985 
244 258 279 425 688 906 929 986 996 
4 175 307 334 416 425 505 618 621 737 766 799 847 931 990 
77 83 217 407 422 578 627 740 988 
155 173 188 369 428 465 536 557 603 820 869 
3 14 369 663 773 812 993 
117 146 247 265 305 354 527 536 711 754 889 955 968 
79 439 506 615 744 893 915 921 963 
62 120 254 381 650 706 725 
17 43 102 105 169 201 293 546 615 625 673 713 849 977 
127 165 222 372 627 675 681 697 758 789 944 
124 152 163 232 457 756 860 960 
15 16 35 210 278 506 517 594 858 992 
36 140 170 361 423 467 642 742 835 868 
75 122 255 272 317 320 375 555 565 629 730 774 817 962 988 
157 245 380 433 650 704 884 
16 350 358 428 537 599 620 648 846 863 885 897 953 
198 204 292 556 557 615 671 825 904 924 984 
300 387 502 643 726 826 844 
56 94 121 163 190 192 297 334 338 370 432 549 741 
144 326 481 556 610 707 827 864 979 
148 290 291 358 404 490 653 806 967 992 997 
140 159 160 322 395 452 613 796 811 
18 44 583 634 639 640 664 707 746 914 965 
47 296 309 347 380 395 406 408 478 520 761 792 
80 159 234 252 651 696 707 893 922 924 932 993 
85 117 243 268 393 399 473 582 618 691 758 773 
9 116 206 318 346 390 449 513 686 
4 73 137 219 298 378 425 712 799 849 981 987 
26 159 338 364 426 511 620 645 710 833 836 951 995 
133 199 268 519 927 934 952 988 
14 22 99 118 431 490 714 
90 113 114 163 214 300 639 656 726 751 829 855 856 907 919 967 
54 346 381 413 579 631 682 832 872 885 989 
34 243 289 364 422 454 495 507 694 868 970 
64 67 406 407 598 664 932 965 
189 314 503 524 597 701 792 857 985 991 
20 77 315 319 385 413 476 560 725 
16 79 251 365 393 625 683 729 944 
103 160 235 272 315 333 418 498 566 730 845 988 
121 133 435 452 487 554 565 
114 142 569 625 641 642 739 792 802 835 847 
20 79 118 123 292 357 436 468 477 493 694 867 
6 14 157 245 268 311 461 478 516 519 776 803 805 
125 185 358 424 513 561 921 972 
9 140 248 449 563 591 598 868 988 
29 347 369 490 499 581 602 615 630 731 885 889 
257 493 747 771 873 936 947 
96 137 162 216 320 331 359 425 483 617 635 844 
45 54 106 161 180 235 318 432 531 537 621 772 832 895 933 999 
2 25 27 71 76 466 483 516 597 732 960 
4 173 177 207 229 300 376 492 785 879 
218 735 774 822 
26 105 432 436 465 521 526 563 635 716 725 786 788 
154 178 308 337 520 590 894 952 
49 118 417 422 564 831 
42 107 154 159 378 455 531 724 768 801 996 
47 148 514 526 622 643 653 682 859 988 
153 261 503 528 613 702 890 903 
6 28 111 520 571 679 684 761 829 847 864 897 902 966 
112 121 170 226 247 291 379 430 485 641 647 741 762 776 
123 183 260 277 375 428 647 650 665 845 854 891 
72 500 692 712 818 859 898 
214 235 293 418 524 607 901 949 
124 140 209 271 313 558 657 672 848 997 
208 264 453 457 544 744 784 830 
75 262 408 679 776 850 887 
104 145 205 240 401 622 692 721 788 834 916 
15 32 129 234 386 464 726 729 750 957 
36 129 242 362 431 438 593 683 732 770 834 950 
22 119 435 644 663 676 842 944 
20 180 190 207 218 414 487 575 876 954 
59 331 338 339 379 400 414 420 695 750 768 832 890 
47 75 84 211 251 394 512 762 877 923 929 989 
36 92 187 188 272 572 890 
0 38 141 189 316 451 518 531 557 592 610 652 789 834 902 949 
133 363 703 739 745 
103 299 360 405 439 620 774 812 835 913 923 980 
65 167 206 536 635 798 877 956 
66 176 241 291 312 416 521 691 
116 318 322 553 576 597 598 669 
86 98 195 408 549 602 603 666 669 672 878 
131 232 253 419 485 634 717 731 856 
109 141 170 351 383 597 610 784 903 
25 172 252 263 273 320 480 514 552 560 784 843 
59 590 616 890 
28 58 136 233 325 328 390 403 564 577 723 813 814 828 864 912 
75 185 227 360 396 456 599 610 759 777 793 897 982 
46 98 207 404 559 732 926 
188 279 294 361 386 473 566 876 890 941 
98 323 632 695 719 
298 389 477 537 619 695 739 849 883 
160 220 324 410 423 495 499 608 687 690 789 793 808 997 
121 292 296 345 440 682 815 953 970 987 
157 255 349 368 618 694 870 992 
38 187 198 253 264 402 608 757 764 819 922 963 
80 353 592 601 756 760 914 958 
259 384 511 767 829 966 
27 32 92 118 266 284 290 505 751 771 883 933 
192 251 325 341 525 689 750 
53 62 92 155 167 204 291 328 856 
35 68 109 430 500 585 913 
4 161 225 450 607 
98 160 280 393 485 609 612 699 719 791 842 990 
348 359 422 617 622 683 808 923 
34 49 117 637 
56 78 296 342 344 380 457 458 720 799 
34 83 242 552 619 626 714 939 964 
20 26 64 149 212 355 576 665 744 935 
3 79 361 438 485 548 610 621 635 810 
42 159 323 426 437 475 484 510 539 704 987 
163 175 214 275 314 321 627 700 
4 37 177 330 477 533 639 651 837 904 937 
50 275 409 856 932 949 
545 632 763 
41 53 298 363 584 585 797 864 891 893 934 956 980 
159 212 250 265 303 347 511 605 690 725 760 769 955 983 989 
250 413 451 662 810 849 868 899 924 
79 177 204 206 304 639 911 918 925 958 993 
1 25 91 207 589 597 633 765 
84 175 287 300 401 408 461 681 821 937 940 949 960 
50 99 277 321 360 459 655 742 928 938 960 
54 197 218 467 641 808 990 
157 247 253 267 500 546 599 752 851 900 
81 169 173 260 297 380 395 562 638 730 752 763 785 
172 273 310 442 853 911 967 
171 189 198 266 292 370 391 495 542 690 694 712 971 
21 39 122 253 305 359 614 661 727 909 
526 531 618 730 782 808 901 938 
33 140 154 170 405 566 595 956 975 
62 77 108 250 417 468 481 496 
80 270 280 387 438 464 480 509 561 698 737 874 971 996 
334 342 558 884 930 
164 285 354 472 475 543 659 727 978 
128 242 754 824 948 973 
28 119 189 663 667 697 719 860 988 
155 309 411 599 724 
32 151 156 841 
67 142 309 321 359 362 380 439 540 675 682 740 881 889 922 
117 195 229 253 529 716 720 815 972 
199 394 399 501 685 816 885 942 
84 128 218 474 640 
254 328 376 454 527 582 650 663 850 868 963 
41 126 192 361 540 667 707 729 
88 416 547 550 566 585 619 632 748 
174 296 389 399 422 525 531 671 676 769 774 883 
105 177 238 251 318 336 487 491 612 624 787 870 
121 149 221 262 282 368 523 571 680 733 807 
127 169 173 178 326 429 639 770 879 884 912 
99 174 178 222 374 421 438 554 597 806 818 990 
86 158 276 391 488 519 547 555 564 664 782 805 901 
43 257 278 319 336 431 525 781 854 994 
330 342 392 432 465 531 532 607 646 742 846 
368 533 633 644 716 790 
113 276 425 566 953 
28 72 138 201 260 282 789 839 904 
189 272 289 362 438 528 534 570 654 683 739 821 
111 166 275 439 715 988 
39 100 242 348 375 389 613 695 917 955 
97 149 406 474 596 703 742 807 
251 398 730 774 912 
19 355 437 470 493 715 791 819 977 996 
121 127 317 399 464 482 732 833 873 912 964 
108 283 292 342 439 677 799 817 843 858 890 897 987 
61 91 142 169 171 462 654 667 755 929 966 
149 417 677 
225 277 341 375 635 638 720 721 798 829 962 
4 78 302 394 661 990 
100 156 237 532 859 
45 249 255 695 724 876 923 959 
9 94 364 407 417 450 572 639 743 903 
56 202 486 510 541 710 816 
44 78 190 227 588 714 717 724 761 773 
82 83 110 129 180 257 298 391 443 507 692 798 838 935 
119 171 219 371 623 650 652 670 712 834 923 
127 142 153 182 465 493 661 765 852 911 961 965 
256 423 489 592 596 871 
1 67 73 127 193 468 612 666 735 749 784 786 838 920 
21 92 178 284 449 528 621 708 722 830 
35 688 863 
38 126 326 587 740 850 956 
39 92 240 321 388 394 429 747 857 865 949 953 
32 354 400 462 489 491 532 556 687 721 725 891 972 997 
226 305 422 571 620 847 
32 249 332 341 417 460 661 806 830 846 870 978 
217 323 484 514 521 596 742 810 830 920 945 
19 29 148 201 205 392 523 762 836 981 
13 68 257 282 371 390 480 484 521 684 838 867 
49 211 236 399 506 587 597 616 655 883 889 891 
179 389 406 431 594 821 831 948 974 
8 19 58 133 183 194 260 390 468 486 612 971 
21 91 126 165 532 626 649 763 825 876 877 926 
36 53 208 244 303 346 371 427 475 480 556 739 837 
13 34 97 108 139 173 283 471 555 649 839 911 952 958 
211 410 507 521 717 810 
213 225 383 435 436 478 503 768 907 937 956 989 
226 429 434 650 677 712 
68 85 204 384 411 437 718 780 811 818 847 853 995 
85 334 437 903 
121 258 281 410 617 674 685 949 
19 50 64 134 276 362 393 420 422 571 577 717 824 
44 230 742 774 812 890 985 
156 380 413 451 462 627 922 
1 120 247 589 741 801 824 
6 555 613 616 759 824 837 
35 80 186 376 649 763 980 
184 436 899 
84 173 251 405 484 531 565 583 764 885 941 
1 15 451 868 
77 247 361 447 601 619 718 894 906 984 
30 176 213 272 390 451 462 466 936 
38 107 322 374 391 521 742 754 886 917 
64 78 103 199 214 671 696 741 947 
40 55 105 213 340 342 361 518 526 537 685 739 850 972 
127 146 320 349 893 895 964 
59 395 412 480 567 584 626 706 902 990 
99 234 244 268 481 720 815 838 987 
74 127 143 164 369 384 426 700 786 913 950 954 
18 51 93 98 99 143 270 461 733 
22 159 226 230 414 440 880 911 
32 48 49 53 258 266 553 665 690 728 890 952 
60 87 89 134 233 523 632 714 781 789 901 947 
5 151 276 305 315 488 686 742 859 876 990 
67 72 121 226 246 414 760 798 935 
195 200 619 622 669 847 869 908 
3 178 185 266 276 319 386 517 615 645 751 935 946 971 984 985 
182 242 243 350 419 500 607 726 794 
45 232 241 264 372 411 465 577 739 801 867 884 968 
36 43 152 174 241 388 417 469 577 663 685 847 850 
116 424 431 626 633 668 792 847 917 
33 343 605 615 655 814 
13 179 180 287 386 485 552 590 983 
5 192 244 309 376 417 497 618 705 714 768 859 988 
14 98 188 189 273 334 454 556 826 853 888 
38 154 352 452 751 758 956 962 
7 367 368 402 435 577 589 663 729 747 762 919 
17 33 408 441 487 491 603 608 614 637 706 802 885 
16 270 320 485 547 633 674 785 856 
101 204 240 533 930 954 958 
124 141 229 234 401 407 515 581 765 
93 118 306 614 626 702 800 938 
19 145 263 362 683 807 853 931 975 
84 215 305 362 421 575 723 746 761 768 824 893 
37 219 450 481 509 769 920 944 
59 309 373 434 790 951 
139 366 558 765 790 809 824 829 830 869 876 
62 129 179 295 344 366 601 969 
37 82 478 668 678 757 784 786 796 838 
16 300 622 633 654 658 664 
158 258 317 421 681 
62 82 290 486 953 983 
10 70 78 81 183 205 241 338 423 443 520 747 962 967 970 
190 225 375 413 457 575 592 594 645 696 711 774 878 
17 52 368 380 457 496 565 621 937 940 
97 281 336 343 522 530 569 609 665 688 843 952 
35 121 147 222 226 338 384 391 455 547 586 617 638 657 756 900 949 955 
13 180 213 338 366 513 606 612 655 797 897 
86 101 166 175 194 225 246 273 275 346 531 543 886 906 937 
40 60 219 290 472 513 575 593 712 724 817 865 
359 399 565 654 983 987 988 
37 86 109 113 155 254 271 305 356 487 788 904 
100 165 177 201 301 442 457 590 698 978 
58 166 201 351 419 476 509 643 676 965 
121 131 292 498 618 653 676 678 
140 177 206 259 331 379 586 773 
171 181 225 318 327 366 372 426 513 655 709 765 872 928 
34 48 94 150 170 188 277 535 706 755 988 
138 351 375 719 895 922 924 931 
48 85 296 494 532 533 664 670 777 798 905 
333 347 619 705 931 988 
1 10 79 188 640 650 891 927 968 
2 10 30 111 697 752 792 803 911 
216 232 456 790 881 921 927 
65 139 152 347 417 458 495 938 
101 164 224 271 377 497 511 546 871 902 951 962 
155 158 160 280 292 443 580 643 647 
83 182 238 595 783 958 964 
134 261 348 368 614 802 829 878 880 
62 122 218 542 555 729 757 777 
37 305 344 663 744 867 882 
3 65 109 249 289 776 962 
27 33 166 197 245 353 391 490 637 717 778 784 939 
44 95 131 185 346 462 537 615 853 886 889 
89 243 252 267 276 469 616 667 727 770 798 894 944 
194 217 289 290 292 520 528 674 706 850 863 904 921 994 
37 121 182 199 234 346 411 480 820 917 
7 54 125 126 299 508 524 608 613 745 
17 113 190 268 335 395 517 733 796 821 864 915 
75 103 194 310 397 518 568 573 744 834 839 899 992 
13 24 96 105 212 457 610 695 809 829 863 889 
119 137 282 437 465 529 604 614 755 839 882 954 
122 183 306 467 536 931 
182 230 374 410 807 856 
10 46 141 210 658 776 847 945 
197 218 256 282 485 496 507 713 787 803 812 834 869 975 
91 286 289 383 452 518 710 782 847 
10 203 239 362 370 422 430 461 471 522 551 582 716 768 791 925 
141 212 315 410 459 497 633 716 907 
6 277 291 410 469 571 611 629 697 849 862 
49 195 306 367 376 597 651 907 938 
2 141 278 297 469 514 515 526 624 707 725 930 
2 51 85 87 211 261 462 674 693 812 
59 64 195 351 499 564 753 803 858 
183 206 227 506 670 684 987 
166 302 425 783 
42 175 207 216 242 292 310 439 520 634 703 856 906 910 941 
47 103 138 206 320 339 469 577 580 663 796 827 936 984 
76 118 189 290 440 459 518 557 587 619 706 715 980 
125 390 412 509 545 625 711 751 803 890 981 
38 119 156 245 359 384 525 607 631 728 761 869 943 967 
4 160 344 552 732 736 773 854 898 918 998 
39 290 347 420 541 606 809 912 
153 202 319 378 394 706 707 833 884 907 
91 217 254 443 506 614 697 718 
2 22 130 145 154 191 474 495 600 901 
70 113 182 236 253 342 369 371 376 485 545 792 880 981 
51 141 144 178 198 355 360 465 507 520 655 796 
186 437 502 829 862 
1 7 45 108 130 134 150 226 391 429 433 461 576 612 665 709 820 
20 56 86 122 181 200 246 277 316 449 643 851 985 
66 281 432 782 881 899 
190 339 474 594 738 985 
119 306 481 553 669 747 780 816 872 880 
80 121 122 180 433 526 541 823 952 
208 234 311 362 375 433 499 507 631 761 838 990 
307 332 389 420 597 628 793 
43 239 366 630 636 659 736 992 996 
96 346 354 386 632 650 714 
134 212 297 346 433 507 521 588 846 850 941 971 
63 234 340 482 541 714 763 782 795 816 870 
35 291 609 651 728 
108 137 146 193 238 292 552 752 762 810 866 939 
96 195 414 572 618 801 
352 416 462 549 711 726 801 
37 56 149 417 432 480 742 767 866 921 935 949 
146 150 170 288 498 520 566 683 812 
68 333 566 814 842 850 
65 171 324 551 684 869 930 989 994 
35 43 68 118 343 539 632 646 741 803 815 
63 114 209 216 238 282 423 505 591 605 631 663 711 766 775 915 
45 153 156 315 534 646 712 722 811 834 838 910 982 
123 297 338 404 510 572 742 776 
105 119 442 468 595 637 688 745 845 870 898 914 953 
127 323 334 347 351 468 484 836 991 
32 90 134 249 794 820 
109 170 594 698 772 787 819 917 919 936 947 
159 275 438 484 776 957 
28 81 85 135 278 367 463 516 597 657 798 809 846 855 962 
54 207 338 356 459 471 784 826 911 
20 28 45 232 247 314 473 543 657 660 750 942 
122 212 213 231 302 321 604 658 699 806 
7 19 38 95 107 119 339 391 594 641 738 791 809 926 
25 123 149 187 321 459 474 624 756 820 
135 255 264 269 303 345 364 370 421 476 584 593 701 790 956 
86 157 378 487 515 532 542 551 731 856 885 893 
322 954 
166 298 589 677 723 823 
171 179 249 256 297 682 844 898 
124 371 410 521 582 626 754 856 949 
76 116 138 220 263 366 381 396 723 
28 183 444 615 671 706 792 
35 206 268 357 611 778 788 860 
27 178 415 424 564 649 656 695 
91 153 186 302 333 407 431 454 489 510 593 603 608 903 
16 85 147 150 571 697 805 896 968 
85 503 540 572 
467 
164 174 194 260 321 339 536 705 710 715 843 862 
129 138 150 156 176 505 653 913 
20 69 120 179 264 367 386 431 480 710 943 
37 83 106 192 503 537 577 901 909 953 990 
67 103 185 407 442 566 649 726 812 852 
31 104 207 500 802 975 
7 153 161 204 296 384 539 559 585 721 906 974 
37 40 128 290 512 523 524 718 724 811 833 851 909 940 986 
110 229 327 669 760 784 871 941 942 
43 127 221 265 361 576 578 639 655 797 815 821 840 884 
8 46 140 159 208 246 267 304 483 523 532 607 644 675 779 866 942 961 992 
5 18 45 47 190 357 411 796 942 
72 143 272 391 392 660 907 928 981 
149 265 734 903 969 
213 256 308 319 534 564 621 635 673 851 897 
132 228 285 379 441 509 586 745 813 857 
157 207 212 237 294 440 447 452 668 721 722 741 849 863 882 
94 379 458 496 516 578 590 794 881 956 973 985 
847 944 
83 205 385 531 894 
65 87 518 580 585 644 685 808 908 
117 151 181 423 462 486 532 715 777 785 992 
150 186 221 264 391 404 425 428 519 655 749 805 
98 266 326 420 592 652 695 850 866 949 986 
0 340 379 586 620 651 677 
31 278 298 343 475 516 583 604 666 802 912 937 
71 104 534 610 685 833 895 966 
30 43 282 289 349 451 453 833 975 991 
279 332 350 576 692 727 762 782 993 
102 294 350 424 551 577 581 658 817 836 925 959 
231 271 339 501 566 711 715 728 816 817 
61 227 239 262 367 745 851 859 980 
184 227 484 650 701 807 816 966 
2 9 326 335 465 466 569 616 642 706 789 
95 132 292 397 436 536 546 662 682 744 749 815 821 836 857 861 
36 244 449 635 643 861 898 
33 86 131 159 222 229 270 405 538 728 735 749 860 970 
35 173 242 246 411 552 611 634 653 875 907 
0 408 427 592 607 685 728 871 885 898 968 
27 56 224 314 505 566 733 796 851 864 982 
42 64 143 294 351 405 493 542 601 661 686 736 742 751 909 971 
415 538 662 682 866 870 881 
7 10 46 231 292 364 459 591 
164 281 563 615 648 702 740 813 817 
156 158 219 247 250 330 335 458 533 600 736 961 
24 38 122 262 371 462 522 551 709 852 867 930 
4 176 471 706 794 912 938 967 
260 310 401 494 545 579 718 732 733 825 930 
48 386 539 542 639 654 703 769 930 999 
3 174 531 896 932 961 
49 629 689 797 800 907 
77 359 363 382 543 559 627 673 848 954 
182 195 224 324 520 561 565 678 768 828 829 849 890 930 
219 250 485 504 562 863 909 945 986 
138 365 458 482 508 557 752 887 988 
130 136 153 400 649 708 926 929 
35 103 180 263 406 507 606 660 707 788 813 917 
101 182 220 288 440 505 575 590 659 864 883 
23 118 234 237 305 548 643 663 754 757 
53 183 329 333 344 391 394 446 475 551 597 656 845 866 997 
22 89 124 173 206 212 338 355 458 575 686 702 711 906 
125 223 517 524 876 
487 501 511 541 542 688 696 759 
59 83 105 170 456 458 599 683 807 832 848 949 
271 276 297 369 498 549 572 581 596 737 775 951 
200 297 396 416 468 473 504 615 731 
37 89 174 186 318 319 370 451 484 714 798 818 874 
47 88 94 105 134 150 289 469 628 638 730 819 853 896 
29 105 185 724 843 923 944 982 
24 29 37 101 267 327 384 395 451 607 646 682 733 763 768 864 
96 119 199 348 654 817 964 987 
13 40 42 161 181 465 631 687 850 885 989 995 
35 73 96 153 158 241 262 267 341 429 451 664 694 931 
33 134 267 363 420 653 706 756 794 951 958 988 997 
162 278 288 384 395 645 844 886 889 898 982 
36 43 98 101 308 415 454 495 580 643 678 688 832 837 
77 184 201 359 598 629 704 717 730 732 896 
144 162 230 420 468 573 760 817 937 969 
120 412 714 764 815 890 891 996 
39 134 407 411 596 630 696 934 965 
55 91 180 292 365 381 733 922 
17 63 111 185 247 575 685 696 
47 208 313 366 441 515 682 704 712 740 
136 153 354 524 639 988 
52 212 214 364 465 478 749 816 923 949 
22 91 101 161 173 198 221 420 663 677 
124 139 232 269 323 333 341 349 396 431 556 561 566 573 681 947 
146 230 233 270 309 400 682 685 693 867 
15 73 79 101 248 355 385 564 690 704 806 839 879 892 921 
113 117 222 496 713 
58 174 273 528 
87 194 236 267 491 703 743 784 
130 145 196 406 594 764 
35 68 537 544 687 936 
342 415 444 541 545 625 972 
91 181 268 378 389 408 619 644 
11 32 138 175 396 696 793 874 886 
265 357 495 646 684 757 812 915 
23 186 215 226 381 447 629 673 776 815 837 914 
162 250 285 336 378 398 458 632 687 951 
11 145 351 435 458 533 534 591 677 680 
9 40 213 262 284 467 478 602 619 643 932 
11 144 250 396 497 580 960 995 
58 391 526 556 623 717 
77 80 329 411 552 615 913 
49 79 151 253 281 626 710 754 800 940 965 
58 356 412 414 471 489 567 981 
0 28 53 144 204 324 372 499 508 564 613 697 945 954 
15 97 177 216 249 693 785 871 
44 207 215 403 440 549 637 679 729 774 970 
120 138 175 179 246 275 284 301 303 315 447 535 792 870 873 900 902 987 
219 239 328 421 453 716 758 881 936 955 
29 83 91 123 259 356 444 497 505 586 605 694 753 862 874 925 
15 32 76 245 264 322 343 517 938 
50 303 423 546 684 991 
130 279 284 415 575 608 655 860 865 997 
227 318 425 503 535 561 675 787 951 957 982 
139 324 504 523 576 613 859 913 
34 95 218 410 455 651 678 765 936 
11 76 98 145 210 312 365 437 480 504 638 739 837 940 972 
20 166 322 363 470 483 605 649 827 971 987 
25 149 656 662 716 987 988 
2 391 443 477 707 755 757 818 923 954 975 976 
102 107 138 200 652 668 688 813 815 905 
37 46 159 162 198 344 512 515 643 665 934 
39 170 232 263 303 381 382 422 440 495 710 804 879 
20 118 294 380 393 537 617 786 806 821 890 962 
101 116 201 266 511 641 691 863 870 
22 152 250 271 320 377 403 895 903 936 
234 281 284 311 469 601 657 869 933 964 
85 137 448 513 540 579 920 965 
56 79 411 444 501 540 564 584 718 730 856 
38 59 104 131 132 308 376 471 545 873 
106 214 253 274 296 343 586 623 647 797 841 943 
28 37 69 165 243 411 416 504 586 742 767 777 841 851 977 
226 284 285 674 748 776 811 921 926 936 944 
44 135 186 460 516 747 854 
35 160 243 346 526 753 793 827 969 
36 80 96 167 445 449 731 938 
10 557 609 783 877 
3 148 166 391 767 848 976 
32 74 119 148 171 355 442 443 477 529 
139 161 214 307 335 601 673 724 969 
87 106 117 134 186 713 760 782 906 935 974 993 
13 31 51 433 596 910 991 
122 175 289 378 381 509 570 590 646 831 851 953 978 
126 184 400 694 779 797 843 880 996 
147 342 497 628 790 889 971 
55 72 158 498 502 535 603 823 942 
131 219 266 496 557 664 702 860 875 927 935 
65 126 349 372 468 550 638 775 829 987 
68 102 187 216 263 294 299 433 546 601 637 674 701 703 751 
99 169 223 245 438 481 565 667 822 951 
5 147 166 619 698 987 
12 18 55 200 255 577 672 
29 214 286 437 471 654 941 
139 177 386 495 627 709 771 846 
202 354 454 469 586 622 688 794 826 987 
173 269 287 300 306 500 545 607 673 675 676 883 
109 142 204 266 286 291 358 496 651 657 682 791 901 918 923 
80 81 98 246 330 452 577 760 772 928 
210 270 320 560 663 734 812 940 
69 128 240 260 475 478 480 599 605 645 760 765 955 
27 66 224 557 861 
7 30 116 275 413 470 813 910 916 
48 50 142 252 398 565 583 733 754 847 927 
39 85 88 94 240 300 420 539 639 
0 164 219 233 322 429 635 772 783 895 
42 112 185 222 277 295 344 399 559 630 755 834 867 881 913 
25 49 100 140 222 249 251 293 471 710 783 893 921 
27 80 87 170 359 421 428 845 
0 146 249 339 363 388 449 687 780 
230 254 321 369 386 528 542 674 972 
64 85 254 323 352 374 392 404 408 619 677 785 861 959 
94 113 142 177 241 415 424 832 836 870 957 
6 301 354 533 709 716 848 852 900 981 
190 217 286 432 456 735 
44 124 198 199 357 365 482 510 675 696 962 
196 210 489 508 547 621 689 796 846 867 879 
196 255 264 298 363 364 391 393 432 496 623 779 911 
15 21 64 104 206 260 276 945 968 
34 238 244 380 509 604 622 650 794 847 911 977 
16 155 621 717 749 760 
215 228 406 445 581 762 873 924 939 953 960 
20 336 419 437 507 690 793 881 956 995 
50 74 153 234 339 346 420 542 627 631 632 654 723 724 757 820 825 990 
41 411 459 474 516 787 
26 61 148 423 633 641 713 755 835 988 
68 154 191 237 308 418 591 613 663 746 
49 68 84 119 267 448 451 491 731 838 
60 93 133 193 502 624 
36 72 121 297 329 340 349 637 642 786 968 
106 385 449 567 620 749 752 786 915 965 
138 363 423 508 665 936 
325 338 355 408 576 614 654 741 807 
88 282 368 499 557 919 
77 344 348 619 677 773 780 975 
167 307 417 422 511 522 531 839 
96 189 243 311 359 745 752 755 869 
70 211 237 670 799 924 939 969 
211 220 383 448 513 547 623 867 910 922 989 
358 374 418 620 720 802 855 923 974 
2 64 116 191 273 276 956 
84 215 268 302 456 504 528 699 727 825 887 928 
57 100 231 238 519 672 696 712 786 860 922 
191 499 563 591 
120 416 538 666 712 739 800 
13 32 55 120 151 165 251 335 350 437 507 529 691 718 720 744 746 748 749 815 867 929 
23 124 162 531 590 649 
204 224 627 741 742 803 871 
56 205 221 335 422 603 608 698 860 875 920 
248 295 443 466 539 585 610 780 873 
436 542 885 906 960 
108 211 360 439 553 715 808 839 872 894 
292 343 405 418 420 436 454 678 726 971 988 
55 157 196 683 754 829 
84 111 181 360 506 534 637 662 949 966 
63 68 204 286 448 576 625 757 766 814 827 892 966 
76 103 105 294 330 348 634 731 880 973 
128 152 298 356 864 881 
33 54 163 249 545 617 691 701 717 739 903 
135 185 249 269 329 360 535 659 882 
6 92 222 355 491 493 507 566 666 795 894 990 
404 418 425 434 455 697 857 888 905 945 
69 555 587 661 738 759 792 876 
12 34 40 46 198 580 958 
13 30 217 320 392 452 516 671 758 850 973 
30 428 604 716 836 
68 166 510 529 559 573 951 952 
71 113 286 412 468 496 616 665 796 
57 84 86 149 272 328 411 514 558 596 675 753 917 
86 168 331 399 405 593 859 945 991 
7 122 135 219 231 251 272 307 311 646 694 885 
14 32 87 293 458 506 515 742 749 881 970 
29 122 215 249 318 511 570 749 836 918 
39 80 225 255 273 284 332 428 463 676 720 726 733 765 908 969 
1 53 67 109 123 204 207 246 380 381 382 399 505 560 723 924 
91 96 135 214 250 279 333 388 459 552 573 716 
94 138 141 160 165 275 289 785 805 
100 138 224 248 488 777 788 908 
40 118 172 312 347 497 742 751 763 815 867 960 983 
52 66 151 173 232 316 354 500 762 
91 213 339 341 440 539 542 718 782 826 956 
73 84 126 155 354 571 609 651 777 829 
120 274 325 344 535 590 699 794 940 
104 285 606 720 849 853 
312 510 639 949 959 
142 218 430 501 727 728 729 870 956 
51 420 459 463 
86 130 154 272 354 358 501 586 600 637 691 698 766 786 
17 124 369 671 739 772 812 
40 143 154 161 166 196 253 359 626 766 824 835 
8 26 60 61 237 263 264 638 661 839 904 
100 245 380 483 532 569 692 764 863 940 
31 57 259 287 303 311 384 437 463 515 821 849 885 955 
415 580 642 721 769 805 840 874 
8 290 352 543 653 669 690 759 976 
58 71 263 301 498 589 657 823 919 
4 17 164 180 329 358 401 407 638 754 904 
14 116 200 308 327 404 428 613 631 700 774 915 
1 2 20 40 151 351 530 639 760 926 939 
67 149 282 345 430 456 549 723 810 878 
43 62 65 66 147 247 305 671 787 
312 421 472 476 578 633 783 788 851 993 
55 66 92 178 206 255 580 741 829 940 
26 70 140 226 239 287 328 445 582 828 923 959 961 998 
92 105 151 243 251 358 597 681 746 913 
122 254 417 465 470 563 725 797 843 942 957 978 
22 47 84 112 180 201 299 340 384 457 822 875 
256 361 609 706 826 842 900 911 
98 278 304 498 531 598 673 773 774 843 
41 43 129 724 926 933 
80 91 194 215 388 429 517 521 687 749 898 928 993 
66 77 178 217 266 329 334 522 721 909 910 
18 32 61 144 268 400 444 529 605 609 649 669 735 887 
114 225 306 409 421 551 721 838 971 
256 396 820 826 937 
54 117 377 444 472 565 567 632 647 778 939 947 992 
46 83 173 201 353 356 406 407 413 457 470 639 922 
27 188 201 235 257 342 347 444 566 644 649 908 957 
203 228 237 260 269 290 762 825 839 
3 19 323 328 520 602 660 708 744 919 
76 156 206 344 423 455 480 545 603 683 742 857 913 933 945 967 
159 219 284 322 395 415 484 673 686 
73 267 405 538 553 649 772 908 955 
4 38 150 167 173 182 204 230 396 535 572 600 710 719 762 832 917 926 
98 118 320 402 652 713 830 
104 123 746 
162 396 401 420 477 480 488 510 560 902 945 
202 373 379 412 675 680 800 892 936 
163 165 171 456 531 591 680 699 889 940 
121 199 333 483 542 571 684 753 758 819 867 957 
10 81 199 429 470 644 781 921 
200 336 584 667 840 869 883 942 988 
68 161 356 367 599 621 715 793 
119 224 445 519 658 896 940 997 
29 66 110 127 146 397 483 562 792 919 924 967 996 
133 210 237 311 330 455 586 607 660 807 812 838 910 
152 267 288 422 423 493 691 736 
50 186 555 701 823 921 995 
33 167 226 373 547 582 713 714 
256 694 801 839 909 
16 75 723 839 
69 72 448 505 668 795 856 912 951 968 
145 257 310 324 377 428 463 591 685 687 748 784 824 898 931 934 946 962 995 
59 310 543 630 825 966 
124 152 176 289 351 394 503 636 638 776 784 819 829 884 
18 24 32 428 514 770 992 
20 96 101 181 238 306 355 446 494 533 534 646 765 852 859 
9 232 362 457 570 745 873 900 986 
450 458 489 527 539 572 680 808 874 941 949 
107 118 156 261 530 647 735 790 793 925 932 969 
361 528 614 740 851 906 925 937 
189 196 618 692 809 833 897 916 981 
120 234 480 498 659 700 773 905 992 
124 198 256 456 556 992 
164 460 720 739 778 850 926 
37 98 131 166 231 265 318 390 476 560 737 837 861 924 950 
106 196 262 308 335 536 540 556 566 646 700 753 994 
19 75 245 276 400 460 583 597 830 
182 193 208 214 227 272 316 341 368 480 642 759 865 964 
200 246 406 429 613 826 
50 196 228 281 365 553 566 703 804 811 979 
183 264 426 496 502 623 642 725 822 
6 15 57 85 389 669 844 
36 319 368 616 670 718 801 846 945 
12 180 319 399 564 570 633 664 961 996 
170 293 311 412 443 586 723 731 921 973 
48 86 254 386 405 463 480 679 698 724 783 830 853 991 
55 350 479 614 619 822 867 
