10 12 52 91 150 282 318 408 411 434 436 656 701 881 978 981 
14 78 117 139 172 230 289 302 334 348 490 512 587 608 619 668 673 718 735 767 768 793 821 847 903 924 968 
41 59 126 144 200 204 283 293 307 323 361 411 423 441 448 507 569 573 755 859 914 943 978 
86 173 225 256 312 333 440 541 593 649 754 771 780 831 835 836 891 928 935 
3 16 65 102 123 298 314 345 353 368 407 511 641 719 754 786 866 947 
18 119 133 164 193 545 568 620 659 770 796 882 996 
57 102 120 147 149 460 642 761 796 970 
68 96 132 150 188 194 283 351 361 443 462 481 496 507 518 622 670 708 722 772 789 884 905 943 969 974 
39 52 182 253 325 352 354 405 443 456 491 501 572 615 777 896 903 941 961 964 
95 113 127 160 168 216 314 320 368 440 487 570 739 757 769 867 868 875 893 975 978 
19 34 75 135 177 256 296 311 323 447 555 557 606 607 665 740 763 767 775 783 814 908 
21 30 44 161 165 268 291 319 324 373 549 586 664 757 770 778 781 831 
34 74 98 119 215 239 283 298 348 470 476 585 605 610 719 747 765 798 804 998 
13 19 104 157 195 212 274 308 380 414 441 468 472 476 491 533 573 651 697 699 821 883 960 974 
16 57 115 166 207 243 261 262 278 335 343 355 379 400 429 478 514 529 654 820 892 958 980 
24 61 170 262 272 295 310 326 352 535 571 688 771 785 932 958 994 
3 76 86 99 122 142 150 189 240 281 293 300 315 324 353 366 390 461 567 574 605 870 871 885 912 914 990 
79 151 237 252 263 265 291 305 327 342 465 516 793 846 883 932 996 
84 199 213 274 308 368 416 480 559 560 567 617 625 677 810 834 835 879 
139 144 243 249 303 330 362 422 426 453 459 520 525 535 542 596 663 668 731 781 787 896 923 947 
40 69 110 225 307 312 400 517 575 679 685 808 973 975 
67 131 160 193 205 210 280 293 390 415 430 475 476 480 530 741 797 857 908 946 957 
2 131 138 184 185 198 354 463 489 496 632 761 790 809 869 871 
3 18 43 52 56 222 341 352 392 434 488 494 539 760 808 816 852 938 
12 39 41 42 62 70 106 369 397 436 442 495 507 592 613 664 724 731 855 890 
96 150 203 223 226 258 305 312 357 417 605 746 834 859 885 903 929 
9 14 17 61 133 191 209 232 235 258 260 285 302 327 423 598 599 644 662 682 836 914 
32 35 68 138 142 159 245 253 356 368 384 483 523 563 569 671 747 755 862 875 888 923 995 
99 109 190 275 286 297 423 432 462 484 560 680 711 770 860 912 940 
97 117 127 203 221 250 262 280 319 401 418 527 548 615 668 733 743 815 928 944 968 
27 66 105 113 186 247 263 332 388 402 415 420 438 653 696 980 
12 116 140 243 341 364 365 517 665 677 812 820 823 834 869 889 891 894 896 913 915 917 964 
4 46 61 103 124 127 179 213 265 276 327 394 464 517 570 579 884 941 994 
34 92 147 158 285 366 446 532 542 554 584 717 835 837 843 914 982 
3 40 82 105 138 177 197 208 217 260 268 293 325 456 570 599 620 627 704 739 748 794 801 811 885 928 952 977 991 996 
114 123 313 318 421 452 454 465 542 594 674 680 816 931 939 989 
30 86 128 156 297 379 488 511 519 530 598 656 703 715 756 795 870 891 
90 102 190 215 280 281 341 389 395 413 431 462 466 494 606 615 658 775 800 833 898 901 
25 95 106 167 181 226 236 291 298 325 327 454 492 516 615 628 666 688 701 723 754 778 794 849 860 915 936 
11 69 150 161 220 365 366 382 389 406 412 561 573 578 632 701 709 773 786 858 859 911 930 
2 23 156 183 185 229 332 359 590 596 602 633 638 655 661 716 771 781 806 815 837 847 893 945 
42 101 136 154 155 169 232 300 304 402 435 440 711 718 729 737 739 750 764 792 818 
8 11 74 133 259 288 315 317 433 490 572 598 699 715 756 810 903 950 
37 96 99 101 187 472 497 544 615 631 635 651 656 658 691 735 768 797 824 825 
1 15 29 137 199 233 280 281 288 339 394 445 473 515 542 544 551 570 572 581 599 650 674 680 683 723 757 770 790 805 827 896 936 
56 163 287 302 334 355 376 410 436 536 587 588 715 725 738 787 793 837 852 865 894 909 931 
42 59 68 70 103 231 389 395 406 410 415 430 472 496 618 699 913 952 967 990 
34 66 75 94 99 108 125 238 280 309 336 338 392 509 554 586 610 697 759 764 796 881 901 947 
36 37 38 58 195 213 217 223 366 545 556 582 659 698 828 839 870 871 
24 44 84 113 169 171 176 230 248 267 279 287 308 329 502 518 620 730 743 751 755 757 787 834 864 884 982 
5 116 123 137 165 281 289 293 329 378 443 472 524 589 625 691 816 850 905 959 999 
55 65 79 93 95 96 134 178 227 239 255 258 330 337 364 437 722 731 751 814 847 855 944 
46 92 109 127 160 230 250 280 352 465 534 540 546 588 601 636 703 771 836 850 889 898 966 974 
112 117 171 199 251 272 280 300 334 351 427 459 526 565 672 736 753 763 814 820 922 976 
55 64 97 207 227 307 345 394 426 440 475 480 576 594 768 855 878 886 991 
3 63 112 114 162 225 265 411 440 504 629 667 856 999 
9 32 41 215 224 341 354 484 572 592 599 605 647 648 655 677 768 811 825 917 977 
30 68 125 151 260 270 296 333 344 345 412 463 534 604 636 654 732 779 794 861 874 898 953 
49 69 87 118 133 162 223 378 500 572 654 702 761 854 911 943 983 994 
25 88 129 207 270 375 426 475 507 510 548 700 709 759 873 880 
1 11 236 266 276 330 340 386 398 433 457 464 493 642 656 771 815 825 839 893 922 972 
23 27 54 164 172 210 305 306 391 469 623 627 674 714 718 755 799 847 858 880 890 893 910 939 986 
178 297 302 353 438 452 460 575 594 651 713 777 832 848 863 870 887 903 915 
113 127 147 222 266 269 379 510 546 613 648 684 760 766 805 857 920 947 949 
1 38 92 136 181 201 261 312 331 377 401 468 493 518 642 656 657 737 783 810 812 921 922 951 975 986 
7 21 75 111 136 172 211 253 258 267 292 329 338 394 405 484 504 512 536 539 574 591 662 673 799 824 844 868 893 900 940 
74 79 162 261 316 325 539 551 601 605 631 741 808 920 935 947 975 
1 17 77 136 170 192 244 317 352 377 452 465 631 634 652 720 882 961 983 
19 132 235 246 261 263 291 299 310 321 388 410 451 557 569 610 620 632 692 721 783 789 830 901 943 997 
108 170 263 313 472 678 694 732 748 867 872 896 
15 64 109 189 190 194 259 284 409 501 512 542 662 675 816 898 922 982 
81 90 235 333 365 396 404 498 598 627 762 816 885 903 993 
8 27 51 76 93 95 118 131 213 330 370 372 454 490 677 715 740 749 852 910 962 
46 62 155 165 252 257 265 317 346 534 543 545 690 757 760 896 996 
18 105 305 315 332 387 392 401 462 466 470 626 645 801 825 835 857 934 
81 213 238 243 279 328 345 407 531 577 644 696 718 730 754 853 854 969 
156 190 228 232 234 237 241 259 261 292 355 507 638 673 749 836 842 847 877 955 956 971 989 
121 126 160 161 170 201 273 307 345 361 372 375 424 466 669 742 762 784 796 800 814 851 855 956 969 973 
102 136 162 207 232 274 387 405 417 459 473 492 596 623 625 699 703 731 736 751 809 927 950 
87 132 141 175 194 273 365 382 389 474 583 716 744 875 997 
116 150 178 185 233 239 328 456 466 495 520 647 761 970 
65 95 226 373 447 457 466 473 474 518 573 653 727 848 864 933 938 958 961 
54 63 72 262 429 450 523 651 669 689 822 841 919 985 996 
58 63 95 120 297 381 416 506 524 762 791 853 889 902 984 
49 91 118 145 217 261 282 296 388 402 406 444 617 638 641 735 763 850 
12 73 97 194 220 275 355 358 458 489 500 581 592 630 668 680 687 773 926 
79 84 114 184 284 338 344 388 484 591 599 605 609 619 632 673 849 859 955 995 
38 196 228 247 252 294 353 412 469 516 527 549 681 712 767 817 987 
33 92 159 205 213 221 290 305 365 373 470 498 566 584 586 614 625 656 695 715 850 
53 60 112 162 240 245 308 318 323 339 418 444 466 584 618 662 672 726 746 749 790 809 856 897 
86 204 241 342 346 365 465 497 531 536 550 637 909 965 988 
111 142 192 250 261 294 352 381 389 422 472 485 540 565 570 619 669 730 793 903 954 959 
31 35 52 63 199 230 231 272 388 409 441 449 469 517 603 644 686 688 750 770 777 792 797 825 971 994 
67 70 153 267 291 340 494 535 542 584 611 613 701 740 915 988 
8 23 33 62 88 95 180 197 222 282 337 380 382 493 544 615 629 771 791 813 856 
8 12 65 80 108 130 150 182 243 354 415 444 598 603 732 877 901 902 948 
29 59 101 171 183 232 332 462 467 487 618 646 657 682 703 794 813 927 955 961 
23 27 42 178 335 341 396 422 498 510 533 583 684 692 705 709 711 789 841 934 958 993 
73 92 122 166 173 214 330 340 392 497 731 854 908 966 
53 88 93 126 185 244 298 319 359 461 577 627 707 840 876 903 909 986 
70 81 202 355 421 454 476 485 546 556 557 600 703 743 815 823 847 888 952 979 981 993 996 
140 202 332 349 421 455 494 508 549 570 611 614 662 735 801 807 812 849 903 965 
258 262 330 375 671 693 700 802 807 952 993 
124 147 189 256 283 458 590 592 600 673 707 757 793 853 863 871 900 
45 84 137 291 333 354 361 447 505 550 586 640 699 763 785 800 818 834 871 944 956 986 
186 249 296 426 501 513 575 591 602 661 664 672 673 684 759 772 795 813 888 910 930 940 
11 114 188 212 213 274 285 293 297 359 373 397 407 517 543 576 688 726 780 827 851 973 
21 64 191 274 357 398 401 432 502 573 645 791 896 924 934 984 
22 26 41 161 178 236 240 331 336 369 469 492 575 602 648 679 690 729 739 860 894 945 951 992 
90 123 216 234 335 473 510 539 592 654 688 756 879 963 
27 67 83 154 160 183 190 191 200 228 264 350 361 390 408 445 491 547 556 571 603 616 647 661 732 765 838 893 
21 88 166 175 230 243 268 299 358 373 391 430 476 511 515 523 579 608 633 772 805 828 989 
31 32 55 65 111 120 175 317 350 439 451 491 540 612 638 658 749 829 857 910 929 933 
28 168 182 227 257 342 346 388 472 516 548 581 600 734 737 743 768 808 822 882 
37 70 78 131 179 209 219 439 473 526 531 617 691 755 760 769 851 856 873 921 975 
28 43 114 166 181 218 267 297 346 434 466 487 491 607 626 676 698 715 723 777 911 940 
54 61 79 84 120 123 134 204 238 291 396 414 418 461 531 538 639 651 712 766 820 857 933 988 
35 69 80 100 233 258 306 352 357 367 401 453 474 507 625 739 764 784 830 878 934 985 992 
23 48 72 144 266 307 338 356 412 509 562 565 585 748 769 915 929 932 997 
161 184 193 276 304 354 375 378 396 430 433 452 481 482 488 697 764 815 828 866 871 875 933 974 999 
15 71 97 186 259 326 373 385 391 430 475 518 564 727 793 844 897 
95 192 212 294 300 315 424 512 640 728 738 860 922 956 
97 158 273 284 350 363 474 551 574 588 626 681 704 723 782 810 818 833 864 892 947 997 
65 98 220 230 241 336 391 493 545 689 754 761 802 836 840 951 956 
19 54 105 111 114 145 185 191 213 335 353 356 399 433 436 440 708 746 770 820 834 
35 123 147 197 270 374 399 572 614 681 723 737 741 786 967 
62 142 202 293 324 431 438 515 570 571 609 650 671 700 714 740 755 766 768 775 871 873 900 901 918 963 
20 34 136 170 202 239 276 296 316 388 467 482 486 523 570 698 790 896 941 
26 50 73 215 278 298 355 393 464 640 703 771 855 
21 140 174 190 259 340 414 512 527 530 628 652 821 846 929 941 979 991 
5 28 34 73 120 156 212 271 293 326 355 515 534 538 539 575 576 577 729 843 948 962 985 
29 39 45 72 75 102 104 151 218 237 302 350 362 402 423 477 506 562 598 623 723 833 944 970 
35 81 105 151 268 331 342 389 425 508 603 622 658 662 667 695 780 841 884 885 902 942 967 
8 14 32 55 88 110 121 130 137 138 215 220 267 353 367 433 445 530 537 556 558 597 631 713 735 780 786 970 993 
22 40 76 148 157 200 204 210 245 266 292 481 505 545 601 611 726 765 775 876 924 995 
186 217 251 296 340 374 414 469 491 504 573 680 737 748 781 805 823 828 876 912 947 951 
6 10 33 49 122 183 221 280 289 292 298 299 323 356 362 369 411 439 531 573 633 660 662 698 751 862 875 878 912 922 933 939 
6 45 118 128 206 229 281 321 389 390 425 444 451 453 491 524 628 716 728 849 884 902 
44 69 81 179 235 258 299 329 351 366 399 405 452 486 508 534 719 776 937 
81 232 305 387 445 467 703 723 747 755 788 819 841 887 978 
42 58 113 167 269 352 452 513 514 593 629 658 685 692 812 887 
100 190 231 280 372 394 413 429 467 524 534 609 646 662 727 813 884 899 931 
11 55 112 116 122 133 143 168 176 184 214 222 246 258 397 476 479 524 561 629 648 715 763 778 831 841 845 964 969 
32 148 173 216 234 242 261 313 336 352 427 471 498 500 503 662 690 692 744 778 817 820 866 880 900 940 951 976 
197 229 247 253 351 359 479 594 792 837 885 908 943 962 
2 41 111 156 159 162 179 244 257 288 310 508 532 560 584 683 705 711 736 795 
20 28 64 165 194 199 208 222 246 259 265 286 324 362 397 537 587 601 604 645 702 717 726 739 755 758 815 825 847 927 968 
101 203 315 337 341 399 531 534 582 640 654 659 676 696 709 746 784 883 896 952 
34 52 56 79 257 425 453 473 484 538 588 665 737 899 906 
33 88 94 101 144 168 171 264 271 297 332 354 365 469 488 501 540 549 574 594 614 644 682 696 774 792 869 886 894 907 924 938 943 967 973 
105 138 287 332 347 522 572 732 786 796 803 853 892 893 900 907 932 937 996 
94 113 201 215 255 288 328 349 376 378 419 488 496 527 548 601 700 718 760 837 905 993 995 
71 90 163 299 301 345 367 374 482 491 562 675 707 819 854 864 951 
22 36 59 64 97 124 126 155 265 283 292 302 335 403 416 501 530 635 639 686 713 715 753 780 858 896 905 
81 144 155 172 220 230 234 250 260 297 368 384 407 420 559 574 619 643 779 819 844 856 863 899 922 938 982 
49 91 126 163 178 207 210 267 297 351 439 545 704 722 779 838 841 843 889 940 947 948 987 990 
48 75 120 131 151 209 213 270 333 360 448 457 485 548 579 588 604 612 639 699 702 825 836 901 986 
6 127 137 168 226 244 269 279 287 360 369 545 596 598 641 813 868 876 898 902 926 943 992 
40 155 158 208 216 225 277 431 509 542 655 714 749 835 850 939 940 958 964 
7 22 29 72 80 354 363 429 443 597 613 638 645 709 740 873 934 944 953 975 
76 94 161 188 252 341 454 460 484 534 620 631 640 669 691 720 741 792 931 995 
22 137 163 164 189 245 270 467 470 511 520 530 552 739 807 833 945 
13 101 196 199 233 315 476 477 489 544 619 641 694 771 848 856 885 967 974 986 987 997 
88 234 445 532 681 700 771 788 884 932 950 966 997 
25 62 69 171 198 200 260 269 287 402 409 459 627 680 688 793 811 816 823 835 874 891 955 
28 57 88 220 221 257 296 326 377 414 431 452 469 491 531 566 611 657 663 666 773 823 831 851 920 931 987 
43 111 244 282 298 332 338 353 374 449 555 634 758 884 
0 23 182 220 299 327 400 428 432 449 467 493 522 713 747 769 797 798 976 
148 192 203 246 287 317 387 550 578 664 677 790 816 832 849 860 907 916 959 
10 31 56 173 186 210 217 545 555 594 596 653 731 732 754 771 786 801 845 857 904 968 
3 52 75 123 134 155 234 267 272 285 440 444 447 463 485 547 613 636 669 762 787 824 866 941 966 
12 112 177 279 301 319 374 392 409 457 519 544 562 606 655 656 666 670 695 829 951 982 
28 36 235 257 272 415 441 550 580 654 670 746 793 845 887 906 939 952 
31 44 70 195 217 245 293 325 462 493 541 568 635 659 702 822 849 851 867 932 942 947 
28 60 99 152 185 227 403 507 612 625 633 657 808 915 969 
32 105 116 200 283 373 443 449 498 547 622 648 752 809 950 958 
113 116 210 259 364 382 449 503 559 628 636 677 695 780 855 877 898 
60 80 112 148 414 447 498 558 765 766 787 809 
1 14 254 314 354 431 501 566 709 746 834 837 846 
39 70 146 178 282 340 360 374 406 646 671 691 781 783 884 
24 148 154 232 364 470 519 620 629 675 730 824 875 913 922 995 
21 22 64 103 126 137 185 251 287 326 335 407 477 509 531 541 575 664 708 739 781 787 825 866 877 921 925 953 975 989 
173 177 309 328 360 361 369 378 394 415 482 593 596 614 626 636 664 886 911 996 
82 100 159 191 272 284 289 392 418 448 458 506 513 603 644 661 676 776 802 830 846 855 898 966 
38 154 277 284 335 415 449 581 633 656 670 763 893 
142 238 261 344 391 401 425 482 489 506 524 543 559 637 742 754 781 783 999 
19 30 57 109 145 215 220 279 298 375 421 447 503 583 608 622 697 806 831 847 920 962 
12 63 69 95 211 252 276 308 343 396 410 510 610 635 657 665 669 670 707 820 829 
91 95 136 253 255 317 337 621 697 788 948 966 991 
64 77 93 177 191 259 484 532 551 564 647 694 820 847 999 
90 122 144 239 290 317 370 371 412 427 484 487 566 641 688 708 768 835 851 856 934 
106 114 158 178 190 200 227 238 288 343 358 450 457 486 502 590 698 785 820 825 870 920 
44 102 156 276 317 425 472 529 543 583 621 636 654 712 826 868 896 
38 143 167 181 227 436 466 634 663 721 846 847 850 871 873 
35 206 230 279 323 342 344 402 531 532 751 760 823 862 870 885 905 
32 138 183 226 304 309 459 472 474 497 589 597 622 657 706 763 805 887 
13 115 132 168 174 252 338 373 400 401 426 427 429 450 548 580 604 717 780 786 799 932 
48 103 122 168 171 220 240 325 391 445 530 544 556 616 671 690 740 861 962 985 999 
13 65 69 127 236 251 378 389 423 432 572 585 633 654 675 687 801 836 872 880 956 962 
68 104 232 260 354 384 385 509 552 640 669 681 761 777 952 995 
16 267 289 339 352 512 531 720 769 775 896 
104 226 230 340 351 361 385 514 564 625 633 657 666 741 799 851 861 877 879 928 978 
104 354 382 388 712 828 905 936 989 
25 33 35 131 216 276 287 303 308 309 338 341 406 422 428 459 543 762 846 920 986 994 
12 14 37 58 68 100 102 112 130 205 245 263 269 277 377 560 688 775 804 855 861 864 883 898 920 
13 27 30 57 59 87 145 215 228 360 398 448 709 746 859 999 
39 40 231 277 280 304 321 323 635 648 683 690 699 739 777 813 877 915 953 959 990 991 
32 42 67 106 119 124 165 270 329 342 394 479 495 532 593 617 664 675 720 776 934 972 
68 120 144 209 447 805 955 959 
43 238 305 366 393 396 399 408 475 509 560 602 666 676 700 726 749 769 830 843 848 903 967 
38 53 88 288 302 391 404 430 440 473 482 544 552 590 607 654 712 756 812 834 870 878 892 895 897 920 
42 48 77 152 204 278 308 458 465 570 583 675 703 895 917 
28 62 87 124 129 194 197 233 425 451 468 485 594 618 644 664 686 713 715 825 828 886 948 
114 187 224 407 415 422 508 526 531 545 546 562 587 602 713 722 723 771 819 845 857 880 885 
9 21 97 151 362 366 452 568 573 640 650 754 806 892 911 933 
77 105 201 224 265 287 314 316 344 384 398 432 467 533 605 608 651 669 768 816 890 988 
36 197 269 309 367 459 501 580 581 618 635 695 728 746 756 796 817 827 830 905 997 
34 166 179 211 213 264 374 591 699 707 713 766 808 861 884 
33 68 87 88 121 193 251 258 274 314 374 400 417 564 602 606 632 637 823 859 978 
51 143 303 338 339 385 527 545 619 620 640 675 687 776 889 933 981 
56 87 193 302 309 362 416 443 475 502 504 595 609 628 696 754 817 865 871 883 923 956 966 
3 68 137 187 201 220 264 364 389 429 443 509 524 532 541 549 551 580 598 625 627 673 718 774 776 809 926 989 
18 113 184 246 288 314 408 417 510 549 567 630 668 669 698 752 791 967 
31 166 305 345 491 504 507 528 544 546 627 654 658 665 684 686 798 799 809 824 884 940 995 
12 39 41 99 106 110 134 213 222 293 311 429 526 542 563 573 595 674 720 740 803 820 826 875 892 918 925 945 985 993 998 
24 27 41 42 96 134 186 192 194 217 233 346 388 515 767 798 800 821 840 859 870 927 992 
83 105 199 249 296 358 416 459 715 814 837 854 886 904 925 942 951 
32 51 146 165 169 195 232 314 325 364 407 421 479 491 667 879 920 980 986 
12 48 51 93 242 309 310 390 415 450 508 573 661 689 713 775 819 846 907 911 930 
12 44 93 124 147 189 283 301 323 392 427 497 517 551 597 611 659 701 728 730 753 763 876 990 
240 269 329 434 468 605 662 697 712 727 739 818 824 848 916 919 938 
21 51 56 64 68 77 105 140 158 196 226 255 267 299 426 430 441 607 611 651 670 887 889 921 972 979 
16 22 69 94 119 125 208 220 309 336 338 342 370 373 434 437 561 672 836 862 884 885 977 
14 32 34 57 230 302 412 503 510 576 620 822 863 930 972 
58 98 227 252 263 339 429 486 578 585 674 728 797 871 956 969 
22 23 143 177 200 358 368 415 442 548 557 585 592 613 616 639 641 647 693 708 735 737 755 787 830 919 962 993 999 
28 89 119 155 242 284 391 460 463 467 519 522 613 644 658 687 778 806 903 923 929 931 987 
103 106 113 132 134 151 241 261 287 293 326 411 462 511 700 724 765 836 850 884 893 903 932 
39 102 108 268 323 330 349 353 360 400 609 613 634 682 708 727 740 
174 226 264 324 453 518 522 678 733 740 752 880 893 936 958 977 995 
73 151 158 431 457 561 567 582 649 668 679 770 821 918 
16 407 528 568 670 693 786 946 
24 77 115 148 152 226 267 633 645 654 677 733 746 747 828 928 944 977 981 
112 236 278 344 405 485 533 569 591 631 676 682 689 745 799 937 979 
58 95 97 127 291 349 394 439 524 601 619 649 697 722 957 
12 90 104 121 164 204 245 251 284 303 334 450 531 618 628 664 741 780 806 853 866 875 886 920 926 940 971 975 987 
6 12 73 195 201 225 255 315 409 495 590 789 823 891 955 
50 65 74 178 200 224 247 292 355 440 447 551 665 801 819 859 882 886 967 
34 69 81 133 202 216 253 278 470 472 507 541 557 671 744 748 764 899 902 952 974 979 992 
51 127 170 252 383 507 521 553 581 627 745 795 848 855 957 
89 144 152 206 252 340 358 398 440 520 526 576 692 700 771 820 838 875 924 927 936 965 990 991 993 994 
37 38 56 120 228 239 426 460 539 547 570 638 641 686 865 927 952 966 
39 136 352 364 402 470 598 607 629 657 662 720 729 894 901 
54 81 99 136 153 177 227 244 271 273 309 371 405 416 422 458 683 686 704 862 881 939 
16 87 103 123 150 152 297 405 450 485 652 711 730 834 859 875 890 916 938 
21 141 151 167 196 374 431 511 550 597 609 644 661 662 674 752 938 
9 18 112 163 191 199 241 329 347 374 376 408 496 552 741 756 771 863 868 972 978 999 
277 326 370 436 451 452 560 561 580 604 622 657 699 715 751 791 885 927 947 
27 93 217 229 232 247 268 384 397 398 503 519 659 667 751 837 907 915 946 966 
14 40 55 112 134 198 233 266 279 293 321 342 384 487 491 707 990 
17 120 184 187 252 329 332 342 410 413 493 520 522 615 648 669 742 807 834 930 
132 140 235 254 358 737 743 782 800 937 944 
23 128 129 168 187 220 239 242 253 259 283 322 328 337 435 452 455 602 623 823 895 980 994 996 
18 35 52 60 107 108 168 365 377 437 446 480 611 676 711 795 804 864 898 932 962 
3 22 129 138 213 263 311 359 383 395 469 516 600 603 630 716 744 798 812 852 897 899 952 
60 94 96 136 174 285 360 419 437 527 576 678 689 690 771 788 808 905 920 
88 211 258 268 346 365 400 414 461 469 473 549 572 580 584 587 826 844 960 982 
2 33 36 82 186 248 266 273 294 348 353 371 460 473 524 544 585 601 619 665 721 810 881 953 
74 177 220 230 293 312 415 461 495 499 502 511 576 593 734 782 785 803 859 868 956 976 
38 65 66 236 374 381 423 436 493 510 570 845 846 992 
11 22 115 220 233 452 495 650 673 681 692 712 747 793 814 872 903 942 961 
23 89 115 116 191 290 314 422 470 549 584 747 781 790 812 851 
14 65 129 135 204 219 308 384 391 400 452 465 606 621 776 786 797 815 843 889 945 969 974 
527 561 647 702 868 894 
27 157 347 378 390 446 470 474 580 581 590 706 707 746 774 812 905 925 968 
114 120 180 242 269 277 278 287 295 340 343 478 488 551 656 685 692 698 751 776 856 871 911 917 960 
161 173 191 235 239 303 322 358 373 398 442 545 555 575 677 727 735 838 849 883 918 936 959 
122 167 172 199 235 293 362 369 482 552 776 798 823 833 841 
95 152 196 205 241 282 368 402 430 433 544 562 573 620 675 686 777 982 
34 51 85 126 218 264 329 337 387 428 549 570 607 688 735 789 802 812 849 903 932 
18 141 148 162 226 253 319 328 336 469 496 498 511 533 546 557 611 617 642 643 645 707 725 778 787 801 865 876 905 929 969 
13 59 142 154 160 206 230 373 388 398 447 497 511 632 688 743 767 778 829 854 873 903 994 
27 36 99 119 137 146 223 237 285 346 353 364 454 483 519 559 649 655 678 843 866 882 913 995 
58 77 122 137 155 176 220 288 350 453 522 534 749 790 835 844 861 950 
15 17 194 210 224 284 325 341 367 397 492 497 552 678 729 776 801 873 924 931 967 975 
134 143 149 178 278 304 474 548 721 722 818 824 902 953 
5 15 23 28 89 93 106 122 128 143 153 155 164 173 310 331 541 559 602 705 767 838 862 901 945 990 
27 54 91 121 308 333 389 422 441 488 518 540 554 588 627 631 686 736 820 920 987 
28 83 101 144 264 286 336 383 418 489 500 527 529 538 659 665 671 675 704 714 757 788 794 866 905 924 
28 45 58 59 66 82 173 194 221 223 338 346 543 618 641 699 897 906 
8 51 105 133 235 319 343 400 509 553 559 560 633 730 769 780 784 788 878 963 964 
5 36 103 197 314 325 343 383 459 469 606 711 717 837 861 898 916 989 
6 53 88 136 192 202 215 219 223 255 272 275 280 282 297 376 381 453 474 618 630 720 787 821 943 944 947 950 967 969 976 
38 45 64 211 265 313 419 488 511 642 687 692 895 937 945 953 
95 101 111 158 169 232 257 368 428 441 451 571 603 626 751 759 810 925 
6 43 86 126 146 179 315 402 439 448 497 547 645 704 705 800 830 877 917 922 930 
32 190 195 233 255 275 292 334 410 428 464 581 621 713 774 886 975 
20 92 200 215 381 418 422 459 465 468 505 520 549 564 597 619 689 726 782 817 999 
44 118 134 239 276 296 336 532 550 588 612 651 658 706 714 723 726 729 779 811 864 921 928 955 979 
33 92 106 149 182 188 205 428 432 470 557 658 668 741 772 773 794 810 886 910 924 934 
27 66 92 93 131 172 196 198 200 228 237 260 379 440 520 521 625 628 642 667 670 676 781 940 
22 28 73 131 139 175 213 241 330 354 355 411 462 474 548 616 640 768 960 
23 37 65 68 119 224 276 292 354 385 431 538 571 575 604 632 682 770 862 917 936 
31 332 397 400 424 473 486 501 513 780 799 877 883 894 917 921 944 965 
6 34 62 203 243 361 413 431 489 561 623 630 662 718 790 842 940 
49 105 125 143 217 282 332 370 403 447 497 524 550 573 596 694 727 763 800 846 
13 26 198 210 213 466 485 527 682 701 704 707 709 713 728 731 733 735 764 781 788 826 896 907 965 
7 188 212 275 284 294 295 308 368 551 629 641 644 666 721 820 837 840 862 947 
28 47 74 76 97 105 106 119 151 158 211 295 303 352 422 477 564 573 756 769 796 798 822 873 
66 133 144 199 278 348 352 477 489 493 534 542 543 792 793 803 842 887 921 962 970 
21 46 233 297 342 401 422 466 555 594 616 622 673 687 786 794 836 993 
38 102 105 169 185 325 506 560 696 771 811 822 898 940 
20 41 101 174 225 261 266 270 287 358 370 404 439 583 605 625 644 685 699 745 757 898 983 
26 29 56 259 263 270 312 340 358 393 455 459 466 493 495 501 527 567 588 610 623 649 650 706 722 749 763 837 858 884 945 951 
18 81 286 297 335 390 509 524 538 604 895 957 996 
33 64 72 95 123 133 171 201 293 314 329 378 386 400 503 596 665 682 720 804 811 814 973 994 
50 141 193 380 385 401 418 551 745 786 823 894 
12 112 119 186 235 249 253 331 341 392 570 683 703 706 799 830 891 893 910 920 927 932 978 
27 66 210 217 254 509 577 581 731 737 846 883 898 929 
27 120 214 291 302 311 349 441 472 529 574 594 677 699 711 795 848 870 894 994 
26 59 84 121 226 270 284 297 378 432 507 571 624 632 648 708 814 838 902 918 959 
43 45 91 135 166 214 241 246 250 303 332 344 418 439 534 695 707 725 726 787 911 980 
52 108 112 172 206 330 332 423 444 448 499 536 540 551 671 729 819 843 869 
74 97 98 102 107 208 214 295 298 323 332 437 519 533 566 629 650 653 886 907 953 
61 73 102 106 142 157 179 205 229 264 293 316 402 410 485 610 625 630 688 708 744 790 814 830 875 919 945 966 973 974 992 
31 65 66 128 137 154 156 170 173 237 267 271 330 339 454 455 473 488 492 527 546 610 638 695 705 717 745 894 903 914 928 931 936 
150 159 297 356 375 432 444 451 483 592 660 793 809 816 844 863 902 945 
23 47 87 134 250 262 335 373 498 516 583 611 644 646 678 880 909 921 968 
206 233 235 318 323 392 428 497 551 561 566 647 648 649 838 841 844 851 868 966 
10 36 84 112 318 406 468 473 554 570 584 643 666 675 680 787 800 902 905 
29 38 136 141 192 209 265 297 304 333 427 470 482 501 506 521 552 631 644 665 682 731 767 868 
27 39 94 127 179 189 258 282 283 405 442 480 501 525 534 551 553 618 627 640 643 652 704 740 748 830 855 898 972 982 987 
20 97 113 119 141 208 318 454 469 585 615 627 642 659 670 751 842 891 948 975 977 989 
16 18 39 68 108 111 247 330 337 345 362 458 532 564 566 578 588 933 
24 75 142 171 235 240 375 410 444 458 469 485 585 589 629 645 656 688 752 809 860 865 883 979 
60 136 240 253 270 312 345 400 412 482 488 651 686 719 731 732 781 834 842 871 889 909 969 983 
19 23 186 197 215 259 260 269 379 455 480 503 576 623 649 650 678 686 692 712 714 791 819 830 886 
36 43 147 311 329 452 481 498 595 624 685 719 721 733 868 974 
45 82 96 156 168 199 209 247 266 325 392 424 429 566 581 616 653 664 840 847 880 898 908 909 911 967 991 
36 41 52 91 159 244 330 344 373 448 513 565 619 674 692 814 830 922 961 978 
54 141 143 248 306 308 412 436 487 491 520 725 762 787 802 894 966 
169 212 218 378 426 479 523 601 650 779 841 870 
53 87 129 140 173 243 260 273 319 351 416 484 503 525 627 705 728 782 790 845 923 955 
73 79 215 226 248 338 356 358 423 469 474 486 647 723 788 818 904 959 962 
1 50 113 133 302 307 362 391 424 493 528 531 606 624 648 685 752 772 829 846 879 894 962 985 991 
31 44 55 56 58 89 90 139 150 186 197 207 331 392 434 450 522 557 606 628 745 799 967 983 990 
7 58 76 142 196 331 355 407 485 506 564 590 591 663 753 759 984 999 
68 187 228 244 329 375 503 555 626 804 961 
37 107 110 120 158 325 395 523 555 655 659 682 689 701 708 715 751 782 798 849 855 929 953 995 
30 89 98 148 180 183 207 215 270 274 277 331 415 422 459 555 657 789 896 
47 86 88 135 173 180 377 380 392 426 457 462 496 511 554 672 673 684 846 874 985 
46 54 158 187 223 236 250 396 514 517 601 626 628 677 747 769 816 889 910 
33 79 192 231 234 342 357 478 493 508 551 578 579 613 620 672 726 815 843 894 923 948 
52 77 79 92 189 190 226 284 312 341 476 527 605 644 650 708 828 842 912 954 986 
3 75 93 145 229 336 358 372 426 463 590 601 611 760 773 834 850 855 940 
9 15 73 118 122 131 143 145 179 308 340 358 431 494 582 618 633 777 795 997 
54 67 84 101 154 163 182 283 294 354 408 415 447 467 511 518 549 570 576 686 754 767 866 882 953 
43 222 227 286 298 338 339 385 393 442 497 551 649 669 785 796 857 935 
37 100 226 387 483 623 630 674 682 818 
28 133 218 229 271 290 313 338 417 533 563 624 676 684 715 742 752 828 888 907 919 972 
79 91 123 213 243 247 266 268 270 278 509 653 707 715 778 839 871 872 895 961 
39 57 177 326 363 492 618 780 791 817 840 877 890 925 932 987 
40 47 133 223 385 402 434 487 563 577 619 644 816 864 867 882 948 959 
34 45 163 190 273 416 438 469 498 558 586 618 628 671 730 734 770 998 
116 153 158 203 269 327 347 395 437 581 635 654 668 681 880 908 920 951 
18 73 97 132 166 189 236 240 275 388 442 446 451 493 494 577 599 716 825 873 982 
19 29 41 45 84 96 136 239 318 334 464 512 550 640 669 681 786 793 797 817 848 962 
15 28 102 107 147 174 176 186 252 383 476 527 538 566 582 641 730 821 822 833 847 859 861 882 914 920 925 981 
62 76 99 104 181 215 216 260 302 362 420 424 426 458 464 491 493 512 617 629 653 685 695 707 727 755 785 832 873 955 987 
8 40 90 235 269 277 324 365 384 395 504 505 622 692 841 861 866 868 893 965 972 
36 37 46 109 192 300 317 327 330 332 342 344 355 374 415 439 453 546 652 693 698 739 755 801 894 933 999 
13 83 161 175 192 215 329 507 518 546 632 675 769 834 938 965 967 985 
51 97 153 195 241 252 324 370 397 399 423 425 584 608 629 802 869 891 987 
44 114 174 215 249 313 329 361 408 466 478 674 675 693 797 869 911 926 994 
67 85 228 368 372 398 475 493 527 535 642 784 816 935 
155 209 259 268 303 370 398 527 607 757 910 912 
61 63 178 293 472 510 522 572 608 625 704 715 737 743 765 796 797 841 
43 47 87 105 128 264 421 443 467 604 611 643 763 843 871 923 931 993 
40 116 123 147 218 250 326 361 396 401 452 499 561 605 654 666 686 782 793 800 801 872 955 960 
6 14 175 244 291 312 379 427 636 779 788 917 945 966 998 
84 271 307 387 430 523 538 574 584 585 614 617 695 729 881 942 958 999 
2 58 128 174 212 237 313 322 516 610 727 739 801 887 901 903 906 930 961 
106 203 472 491 508 518 615 732 747 778 779 834 869 899 954 962 985 
34 78 79 317 406 467 476 502 522 549 551 810 849 871 948 952 954 997 
12 50 69 71 81 124 266 339 406 419 454 465 616 674 689 716 718 746 931 947 978 995 
12 34 41 125 180 362 377 422 423 433 484 493 597 656 726 974 987 
30 137 447 557 629 672 686 748 762 778 824 827 855 865 877 932 938 948 
58 115 151 159 168 172 182 232 306 385 417 569 640 656 676 758 801 921 937 991 992 
38 50 81 102 187 296 310 378 459 465 476 532 543 586 707 859 885 
72 92 98 143 157 181 240 353 436 452 546 555 765 771 787 816 844 885 929 941 966 983 
9 23 44 59 132 291 337 398 447 463 490 492 752 770 816 830 907 926 
99 261 279 298 342 343 526 574 634 784 791 812 942 962 976 
22 33 99 152 190 198 264 289 303 351 352 364 377 510 598 605 899 979 
56 153 197 220 223 245 271 318 372 494 496 508 601 635 641 642 659 850 869 887 888 934 
52 94 164 199 235 264 415 469 537 623 654 709 743 756 817 849 900 
17 29 212 373 412 541 581 586 661 686 703 712 729 731 732 823 898 908 913 
65 125 176 177 202 204 237 264 483 519 733 759 762 856 857 963 971 
10 76 113 154 167 194 196 202 216 251 283 453 462 464 526 552 561 587 608 705 711 813 871 897 948 
7 15 87 153 161 219 228 263 292 378 404 475 530 557 559 560 648 729 739 780 796 881 978 
3 10 95 105 116 175 204 208 209 321 375 438 443 566 585 726 788 806 830 842 843 856 945 958 963 
171 213 242 268 318 336 343 361 405 436 440 488 634 653 696 699 707 734 736 780 788 827 839 892 911 
118 138 172 176 198 201 207 217 327 330 380 397 537 589 590 613 719 727 808 858 893 980 
5 52 120 171 199 239 342 403 543 546 582 583 598 678 699 734 820 836 898 899 911 928 999 
37 40 123 182 200 275 368 428 455 459 468 627 654 758 797 811 964 
43 263 299 341 432 483 600 624 635 672 734 770 785 803 805 858 868 992 
45 98 110 113 117 124 152 198 263 291 351 411 475 521 558 572 580 592 631 649 668 679 745 800 930 
4 40 199 211 219 223 247 251 271 466 467 491 569 690 731 818 827 831 876 899 
41 89 134 182 239 241 266 329 442 507 511 679 778 783 818 825 881 912 
42 167 191 208 276 290 306 361 463 516 523 583 586 662 682 759 983 
15 32 49 53 87 166 225 234 414 488 715 908 929 944 965 
8 11 40 58 63 84 88 93 167 301 317 426 588 676 682 701 776 804 817 843 926 938 
11 29 87 98 131 210 243 261 264 277 291 347 420 437 440 491 661 678 696 697 704 727 771 821 950 
123 179 238 252 278 333 415 523 559 563 599 609 638 669 760 838 858 863 874 880 935 947 959 
16 29 72 108 191 347 525 531 532 542 684 688 771 901 
125 132 196 223 328 337 366 408 434 451 474 543 546 551 614 722 778 800 810 818 831 844 846 869 963 
17 51 154 197 203 215 271 309 314 347 365 463 473 519 554 580 659 661 729 840 851 911 930 941 962 
42 77 94 182 326 478 485 494 495 506 511 547 610 658 677 697 743 746 842 857 902 974 979 
9 108 204 214 243 251 314 324 349 402 427 460 634 704 808 809 856 921 
151 318 367 377 514 525 568 770 831 858 938 961 994 
5 123 130 143 231 254 265 277 314 317 346 375 395 449 517 526 640 764 847 
34 71 201 295 306 349 360 369 621 657 716 750 794 832 849 936 
106 130 157 179 247 392 397 415 530 580 616 620 621 666 763 820 829 871 914 984 
39 119 128 135 141 156 181 358 423 456 479 501 543 567 588 805 890 916 963 
28 112 135 153 230 350 373 386 393 464 544 565 591 605 609 629 635 637 837 858 925 950 951 965 
33 50 60 164 182 222 226 321 339 365 378 412 421 462 467 476 523 598 619 745 749 795 816 976 977 981 
39 113 216 239 240 395 539 627 692 818 834 855 883 888 914 983 
23 24 77 125 184 204 215 247 259 361 381 389 420 530 541 713 794 815 961 973 
24 79 90 123 163 216 218 257 357 402 421 553 600 662 774 786 833 839 875 891 919 948 975 
21 23 117 136 142 230 353 420 440 560 629 882 988 
56 82 97 149 185 206 212 262 285 317 328 364 412 431 453 457 471 487 509 559 611 757 790 825 912 925 955 968 969 
72 113 170 177 234 257 263 282 373 432 438 445 516 520 553 577 651 768 782 826 944 977 981 
84 106 197 206 225 314 332 401 428 485 564 742 900 949 994 
63 87 162 177 208 235 237 330 408 461 473 527 574 617 625 635 645 766 785 917 939 
61 70 90 186 488 522 529 539 706 709 716 787 849 979 986 
26 53 132 179 183 193 219 229 299 302 384 393 471 495 579 607 626 672 801 814 862 925 940 943 
72 101 171 189 305 638 693 697 721 740 766 802 838 891 918 
53 119 129 158 166 256 300 346 466 501 569 593 679 685 694 766 
22 41 99 407 413 517 546 591 702 785 847 874 876 967 985 
8 33 72 105 155 281 354 400 404 418 483 546 772 851 877 916 917 
33 37 81 165 171 359 462 470 513 519 524 552 592 607 638 846 883 893 992 
3 90 160 173 183 249 281 282 297 307 342 366 446 450 458 528 647 694 754 761 786 820 843 857 999 
16 74 133 148 168 179 186 248 300 388 538 554 556 563 565 598 653 669 684 694 726 841 853 891 
2 22 139 241 244 266 277 483 511 519 555 611 612 627 633 714 887 933 955 986 999 
43 64 197 209 256 300 388 434 545 669 701 935 940 948 
23 39 61 96 337 420 426 452 507 525 540 611 750 856 873 876 902 911 
25 162 237 242 297 298 465 556 639 646 718 813 861 962 971 
6 35 48 51 109 112 182 218 253 271 440 455 629 753 762 772 833 883 
79 91 259 285 308 326 482 554 589 702 838 883 978 
88 99 137 199 361 383 439 448 455 466 509 551 681 722 741 784 917 938 
4 41 105 125 165 378 407 439 446 478 489 497 547 589 591 592 627 724 728 734 747 772 776 789 833 875 
53 81 250 309 442 465 531 543 618 622 695 741 820 832 872 914 936 946 992 
6 28 190 252 270 358 400 405 420 448 449 532 546 580 587 656 700 705 750 774 926 953 955 956 
4 72 146 263 279 341 366 417 485 630 665 666 794 806 817 875 933 
27 103 123 154 239 292 356 359 374 456 469 474 518 637 640 646 739 749 805 878 933 
18 26 118 201 283 335 355 414 445 481 563 569 586 697 724 819 851 897 
2 52 157 163 173 223 279 282 295 373 399 525 587 601 684 724 740 767 769 770 885 964 984 
10 49 89 96 195 274 716 743 745 750 753 961 997 
19 62 122 163 188 189 191 317 480 559 562 571 589 592 659 664 682 929 
42 49 115 144 186 207 396 530 543 596 643 696 759 760 774 790 823 835 890 911 971 
92 129 147 176 202 254 273 278 334 378 388 536 599 605 619 621 632 679 704 752 760 785 857 944 
34 49 53 56 165 365 449 481 521 601 623 660 782 799 816 832 854 909 954 955 
19 106 185 267 287 304 314 345 382 413 416 519 610 665 717 755 789 944 958 
14 41 154 160 223 224 261 388 408 465 487 533 618 682 740 763 901 
55 99 103 184 208 222 284 288 291 340 402 407 430 461 497 566 611 654 656 669 689 710 736 763 765 808 837 927 931 963 
138 251 259 274 278 309 370 499 700 725 888 895 
176 227 418 435 436 467 479 520 654 711 755 810 814 867 912 976 996 
15 102 117 137 219 237 259 262 293 415 434 546 570 584 611 613 640 650 670 730 794 800 885 892 983 
4 79 255 285 351 387 447 474 500 536 549 587 590 601 764 829 887 897 901 965 996 
24 41 52 173 238 386 402 504 569 584 595 624 697 744 771 844 921 939 947 949 
61 215 228 327 377 422 483 516 533 560 562 593 619 645 662 752 806 824 868 942 
284 368 484 593 628 709 756 783 785 786 801 911 995 
105 202 203 242 248 257 271 284 409 436 438 456 476 572 611 702 777 817 855 887 898 906 919 979 
19 34 46 226 278 305 333 454 493 506 511 517 534 553 562 639 684 715 727 782 797 874 966 975 
1 17 101 151 165 223 231 318 347 404 440 487 608 612 616 618 718 780 951 960 
299 346 377 381 384 402 450 459 480 527 627 647 660 688 806 808 867 890 900 905 972 
180 208 233 255 425 465 508 623 629 806 901 910 916 
69 158 235 257 280 311 412 468 578 592 644 729 744 896 920 925 948 
7 76 105 204 214 287 380 546 554 582 650 752 787 827 884 
58 138 301 319 338 418 472 520 550 554 625 694 710 781 881 892 896 922 926 929 
3 115 161 295 379 461 575 589 673 832 863 958 990 
12 26 29 45 104 112 188 208 298 458 515 518 605 644 736 760 777 827 937 945 957 980 987 
6 13 32 75 141 191 202 337 411 414 498 560 567 569 585 587 606 613 636 659 957 
198 229 339 402 426 450 527 583 590 648 699 784 786 791 857 860 945 955 958 963 
75 125 159 178 200 221 253 433 467 470 498 506 579 640 666 677 728 744 755 807 905 
2 37 116 122 127 178 187 291 309 312 378 410 425 464 538 553 559 577 668 681 722 736 789 859 879 973 989 
17 123 147 153 286 310 430 532 543 544 561 567 571 651 694 729 734 803 808 822 897 967 973 
16 29 91 135 157 160 228 229 237 238 306 316 322 489 574 595 623 676 790 806 850 939 955 982 984 994 
24 123 166 287 308 331 409 442 447 473 476 495 503 637 747 790 867 873 889 891 948 
37 189 265 285 355 469 474 491 527 592 649 700 706 814 850 858 919 948 
37 47 107 154 159 224 246 334 371 374 492 496 500 531 718 763 773 786 814 823 885 892 896 970 975 
91 203 290 332 374 434 536 539 625 719 767 772 779 790 797 887 904 929 
57 102 173 212 218 340 356 431 509 557 568 570 621 684 879 891 
16 32 78 100 130 138 214 238 409 478 579 620 644 659 748 847 900 935 
77 139 214 233 236 250 323 367 416 430 572 585 698 754 858 882 911 
17 202 241 264 310 355 471 568 634 639 762 817 874 907 951 974 
16 35 36 38 44 140 144 379 392 512 534 540 644 653 660 695 774 797 
42 157 196 299 318 322 356 434 465 486 535 604 634 685 696 740 780 873 882 885 994 
20 31 96 146 272 310 358 469 495 518 605 675 702 791 832 836 898 
2 21 65 152 231 259 375 378 379 416 448 721 731 753 916 950 966 
23 63 184 242 282 317 321 366 604 688 699 829 854 
26 52 69 183 264 297 335 393 412 432 502 629 669 737 762 769 786 807 827 880 911 921 
16 106 115 138 159 195 248 295 390 421 476 562 669 677 730 755 818 828 962 
22 61 79 183 298 304 372 486 488 592 633 649 680 955 
63 72 126 150 255 276 355 454 524 576 627 663 673 674 700 749 791 803 943 
1 19 44 69 84 150 304 323 377 457 488 520 566 584 598 619 672 725 875 911 957 
63 90 132 211 217 294 318 347 502 804 814 821 854 883 926 932 974 
61 130 148 186 244 289 304 346 352 380 394 471 696 987 
78 107 125 154 374 400 524 608 644 785 800 818 823 879 899 
39 63 94 376 413 420 423 459 558 585 666 687 733 741 822 834 929 963 
51 190 339 550 627 776 777 813 823 876 896 
12 90 119 133 176 213 306 316 375 403 415 472 515 593 624 650 654 678 826 832 836 860 909 952 
13 33 38 195 220 235 328 384 426 453 476 518 572 717 756 827 835 857 
10 47 82 83 186 227 304 450 470 491 498 536 548 594 673 690 779 840 864 887 903 955 
26 79 147 158 191 342 364 430 466 483 500 526 627 631 746 761 990 993 
64 123 177 199 218 237 259 322 325 349 392 438 500 567 571 674 722 776 796 911 944 
7 11 82 242 249 348 362 432 462 466 536 592 724 826 836 845 887 899 
80 203 282 344 390 516 517 566 570 592 594 639 641 657 747 770 896 954 
49 94 118 264 275 293 300 335 500 506 548 559 585 602 678 761 775 794 867 930 977 
108 134 140 179 250 361 449 493 497 519 524 530 594 601 619 629 633 677 826 860 904 990 
21 25 145 150 166 317 335 342 368 403 504 671 684 685 761 765 791 819 840 853 980 
15 19 141 168 170 193 265 350 360 371 408 498 513 543 546 558 567 644 658 669 762 775 794 805 817 847 965 972 
16 64 186 305 310 381 384 400 446 488 549 603 612 619 695 754 877 919 931 
36 52 56 186 287 307 349 361 376 486 543 605 612 705 907 918 949 968 
56 132 222 242 307 344 460 485 527 545 640 660 757 777 778 793 951 
14 27 159 195 204 223 243 248 330 346 349 370 526 531 542 650 679 727 782 895 930 
8 23 28 53 145 176 184 223 239 360 398 537 822 899 917 924 948 
5 25 137 139 183 228 235 343 375 399 451 503 510 533 551 644 659 686 697 723 731 772 798 916 969 
119 194 214 277 280 319 339 373 374 414 436 495 510 546 639 665 734 744 769 784 922 953 974 
27 82 109 111 171 246 257 265 296 367 407 544 553 561 579 581 640 677 686 688 733 752 816 821 836 880 924 939 
3 10 23 48 88 136 232 282 344 356 372 446 485 539 557 610 646 689 705 731 793 867 889 890 919 925 931 
82 97 162 228 325 347 389 399 457 475 554 561 595 663 703 743 870 975 981 
23 32 49 155 221 253 279 355 394 432 534 552 602 619 627 661 666 778 817 822 880 886 899 970 
12 168 267 359 442 493 573 609 637 799 946 
9 111 144 325 337 342 399 472 598 599 610 618 644 651 735 762 764 844 879 921 944 968 
20 36 54 87 108 109 591 624 625 809 907 912 918 
89 106 175 225 271 311 324 330 338 348 370 410 625 894 949 981 
7 13 20 188 198 227 263 376 377 406 450 507 523 529 568 686 747 821 862 877 932 
14 57 107 155 162 225 231 486 490 591 636 774 782 845 895 932 960 967 975 993 995 
22 24 37 43 104 153 202 464 485 497 558 673 686 803 846 913 971 993 
46 128 147 162 167 260 267 342 351 360 392 459 475 498 659 925 935 985 
15 37 54 276 360 366 382 413 473 562 637 695 732 735 755 821 945 
22 47 81 152 156 335 378 392 542 575 730 739 745 770 848 893 897 934 994 
128 150 159 168 277 289 397 408 413 467 511 619 629 637 653 745 765 784 985 999 
92 105 111 147 383 467 570 574 594 595 626 676 790 826 828 863 949 
8 11 89 108 124 220 258 275 280 338 361 407 414 433 435 490 504 524 577 631 809 861 883 
0 3 89 119 125 234 448 617 628 647 666 679 722 736 805 820 910 994 
17 160 200 358 370 429 520 548 611 652 718 734 796 821 825 964 983 
60 79 187 314 343 397 467 491 528 619 685 694 719 726 747 757 798 859 887 
13 26 49 67 75 77 81 95 187 202 258 333 357 396 410 438 449 462 477 487 570 609 651 684 713 839 895 940 962 
33 113 136 153 174 178 185 201 234 274 427 457 477 490 509 511 696 896 942 
48 57 69 153 185 220 249 250 252 290 345 349 356 371 381 397 470 489 511 546 562 642 800 802 865 912 917 924 
13 22 141 217 313 318 327 336 366 420 431 512 522 531 600 648 684 900 912 913 916 926 937 
143 205 236 243 262 264 366 409 466 673 705 832 838 875 959 998 
11 39 41 166 198 207 240 292 317 352 377 427 445 449 464 523 546 587 727 749 759 886 901 920 
17 37 181 280 377 384 431 458 476 532 632 645 675 783 789 795 838 876 895 
13 47 96 102 183 288 311 324 355 378 397 418 490 620 740 745 803 849 978 
95 117 164 168 243 266 291 379 382 423 493 559 585 608 657 675 728 801 861 985 992 
15 59 105 110 173 174 212 255 351 470 517 560 630 776 777 782 788 811 830 867 916 934 985 
1 27 33 38 141 158 271 296 335 344 363 374 393 422 438 447 450 493 517 662 667 761 787 843 859 869 871 902 942 
51 83 104 138 156 168 169 229 310 334 400 410 475 529 622 630 714 722 786 807 978 991 
39 40 91 140 223 230 285 397 489 572 625 665 668 678 690 692 704 811 865 905 917 937 970 
9 10 15 33 197 203 207 212 382 390 402 449 474 514 529 631 644 657 658 821 941 
147 206 249 302 375 453 790 803 973 
197 213 252 278 315 386 401 445 561 597 626 663 667 681 750 754 795 866 909 953 982 985 992 
128 171 205 254 275 330 345 352 373 432 451 459 540 559 568 581 594 608 765 766 768 776 808 866 894 937 970 974 985 
59 125 133 167 172 227 287 425 439 527 532 567 594 618 760 784 793 818 909 931 
163 292 302 356 406 442 492 503 514 556 600 726 798 870 895 911 931 932 980 
33 40 50 55 73 212 235 252 281 284 293 413 513 603 680 723 755 762 775 830 945 
11 36 99 109 113 204 228 361 379 385 428 478 526 569 690 817 830 899 934 953 962 
21 27 60 164 192 206 287 414 585 613 770 774 807 858 860 863 868 927 
5 45 92 126 146 157 162 306 311 325 353 436 439 444 454 518 632 648 670 714 766 824 967 
95 107 133 171 240 350 364 401 439 504 632 659 666 679 737 749 803 809 833 853 
5 20 70 186 335 375 389 416 418 467 588 597 639 646 656 692 712 761 805 890 909 924 960 980 
13 18 24 31 74 89 166 176 206 224 246 259 337 403 646 746 839 938 968 986 
2 22 113 132 156 189 241 245 284 393 400 429 446 531 634 644 658 705 765 784 928 929 953 997 
5 62 115 128 142 149 158 185 187 228 252 336 364 433 509 550 640 760 809 913 934 956 
121 138 179 325 486 530 558 565 698 728 
42 212 295 311 323 343 410 445 458 483 574 686 764 768 815 845 849 886 943 962 965 970 
195 207 227 296 345 533 549 553 554 672 790 841 843 874 981 984 
67 160 210 234 295 437 472 639 644 905 982 
48 57 84 127 187 340 367 516 771 815 821 822 851 866 960 993 
62 92 149 150 198 270 294 329 405 446 512 557 584 660 752 780 783 862 864 886 897 902 924 938 978 990 
22 23 45 60 177 216 218 253 255 471 508 513 534 699 748 806 807 834 894 905 944 972 987 
20 45 59 99 178 356 360 508 645 722 728 736 816 906 921 945 999 
28 90 131 167 201 239 328 343 425 428 453 473 503 559 610 801 830 
42 121 213 217 255 296 310 315 321 323 402 443 579 607 647 651 717 754 831 836 849 855 977 
9 72 104 118 140 182 203 269 350 434 544 568 590 617 798 932 
11 18 24 76 124 146 149 207 256 282 284 310 446 520 572 596 689 792 793 857 889 924 
9 37 58 94 133 150 170 175 191 255 305 345 361 445 460 481 489 746 768 778 790 806 931 971 981 998 
3 10 96 139 354 355 476 618 647 686 707 744 806 816 864 957 
15 50 55 104 144 162 169 244 257 373 420 489 490 497 589 601 706 711 756 785 806 834 854 934 939 941 982 998 
53 87 148 194 350 402 418 420 456 458 483 523 524 616 656 844 847 898 918 969 
43 46 54 112 144 189 204 380 427 442 506 725 811 974 
52 155 253 289 383 470 508 517 559 639 895 915 921 923 954 966 969 991 
44 182 196 218 248 265 266 280 298 303 312 319 329 386 394 459 539 553 660 729 736 778 801 814 829 830 831 924 935 966 972 992 
93 209 264 358 365 445 461 583 589 606 653 686 766 796 829 847 936 942 992 
80 102 119 179 240 266 287 368 441 546 559 587 605 610 630 670 679 742 795 862 888 895 935 985 
2 17 107 338 416 434 458 523 547 594 635 702 708 721 737 763 770 782 798 
111 361 511 529 593 607 619 621 628 649 669 697 728 732 821 832 858 903 939 965 999 
53 189 263 288 421 510 661 675 726 775 806 849 863 875 882 954 960 
91 176 221 266 287 298 326 365 367 507 563 649 752 797 882 912 
60 96 132 157 164 180 188 272 316 324 378 381 392 432 654 667 680 682 767 774 838 867 961 968 
15 64 79 160 215 248 292 306 337 389 400 409 413 468 503 553 572 606 672 829 851 913 943 946 960 
165 166 176 227 231 298 366 453 530 546 602 819 888 
109 112 185 237 338 457 518 552 583 584 628 698 738 753 770 829 952 971 985 
35 60 192 229 233 366 473 524 527 642 651 697 703 815 831 896 945 981 
19 69 94 115 154 175 197 225 227 230 355 420 423 515 595 784 828 836 955 957 
6 20 24 156 246 320 342 471 542 575 660 682 691 698 734 735 770 869 941 
13 71 107 161 226 341 408 480 547 566 592 682 811 915 941 969 980 
17 216 455 465 561 628 664 710 766 767 842 847 903 908 934 948 
17 212 294 323 338 357 370 457 544 595 611 679 769 833 834 
4 5 44 92 171 176 216 276 421 440 501 516 521 550 732 869 895 921 967 974 
51 69 253 267 347 362 388 425 442 456 458 464 512 572 831 846 868 881 900 972 981 
183 324 356 432 560 565 586 588 645 666 687 732 748 752 767 837 935 955 962 973 995 
14 38 51 54 71 75 93 161 210 212 244 355 371 447 460 492 493 496 500 510 568 655 656 660 688 708 759 878 919 950 984 989 
95 101 162 181 230 461 503 535 542 589 620 801 825 873 
30 83 97 98 108 121 167 296 349 367 421 424 461 557 566 601 674 684 710 724 782 790 798 806 816 831 879 885 893 908 968 993 
0 72 147 150 214 391 449 466 581 595 607 609 758 835 863 864 998 
30 49 83 116 158 168 193 214 345 390 460 463 589 621 681 730 744 769 797 847 862 948 
39 69 110 121 167 180 221 288 314 319 430 438 456 464 466 538 564 622 734 795 890 917 919 931 955 
6 85 111 156 161 179 195 302 315 363 423 478 491 601 737 763 852 858 869 876 
1 115 133 141 143 200 211 255 382 442 573 575 587 690 781 785 815 820 881 884 895 901 992 
149 256 395 402 413 460 493 508 634 751 765 779 792 965 
67 94 98 103 145 161 170 180 415 472 480 491 530 573 579 624 703 729 826 885 
8 36 104 105 147 154 214 235 344 405 477 500 516 583 668 694 715 727 775 807 822 891 937 
7 61 64 72 112 470 640 673 689 692 767 781 811 850 861 936 
32 70 79 97 241 246 313 404 413 504 516 581 596 612 656 713 781 836 935 985 
30 53 104 129 468 526 586 594 601 620 638 671 799 825 847 848 869 915 928 944 983 989 
3 51 137 256 306 319 391 445 649 691 705 734 751 817 960 
120 178 250 287 379 382 403 480 494 530 581 733 836 859 911 
42 112 133 183 210 211 248 281 336 337 347 362 466 561 562 743 783 927 946 
60 71 219 227 376 535 576 578 601 677 826 894 942 
62 126 142 150 161 293 304 351 434 460 490 495 509 552 592 667 685 694 712 718 826 878 
44 235 334 362 411 452 522 538 548 550 578 580 860 878 911 954 963 987 
40 52 98 104 144 247 306 358 379 466 507 582 666 701 745 866 900 968 
12 58 125 143 158 195 196 209 250 266 296 323 532 543 571 590 604 640 664 724 728 775 805 811 838 910 
37 219 265 362 371 378 385 490 632 771 775 832 837 852 923 928 
23 112 146 148 346 431 460 567 607 628 740 832 859 861 902 961 990 
25 28 103 145 330 364 375 390 392 443 489 607 732 747 774 816 920 
158 196 250 262 287 294 372 381 431 501 508 537 556 584 646 656 723 746 749 750 888 936 956 993 994 
34 95 167 215 242 369 402 423 435 443 530 545 801 816 925 940 960 967 
18 66 114 121 166 173 209 347 349 373 385 422 460 461 473 700 858 971 987 
22 152 233 325 335 429 469 470 497 626 658 671 679 695 765 857 903 953 
78 208 324 351 353 466 481 488 554 558 623 721 754 757 925 
29 79 101 481 496 563 576 681 762 771 816 859 910 934 995 
23 71 134 150 201 225 234 276 320 358 370 395 409 423 475 523 729 762 931 956 967 
72 120 150 248 301 353 369 460 622 719 724 749 750 752 824 926 
40 46 95 112 158 188 225 260 282 288 304 351 380 470 482 506 520 643 644 708 767 800 821 862 918 
37 127 143 189 251 381 388 408 443 486 518 570 614 704 842 998 
42 57 187 196 210 220 228 233 321 363 366 453 471 524 547 589 596 613 681 718 874 887 941 954 
11 109 117 284 353 356 397 410 417 531 543 553 730 770 888 980 
8 44 106 193 219 279 329 331 526 715 755 825 839 873 
110 191 233 278 315 359 421 444 511 564 588 668 688 696 730 737 789 832 848 904 985 998 
7 75 124 232 295 369 376 385 448 456 471 475 502 504 553 605 622 656 671 822 972 
83 179 284 394 397 437 550 579 581 643 706 726 727 806 863 876 956 961 
39 128 290 349 419 435 469 681 701 755 777 882 900 910 919 931 959 
20 90 97 114 163 229 292 340 343 347 349 502 541 619 626 632 736 761 790 828 848 882 
36 43 99 167 181 221 254 260 322 337 583 589 672 689 699 709 793 848 854 865 867 889 
119 170 239 276 343 423 502 506 508 632 635 639 785 801 881 960 
1 11 12 120 186 405 466 620 659 721 767 772 800 927 947 982 999 
38 61 141 195 233 294 308 332 392 467 551 587 600 635 649 772 850 883 910 912 919 
72 89 101 150 193 297 338 469 475 495 511 567 607 744 750 776 836 989 994 
52 193 231 271 280 350 388 437 491 641 648 650 667 677 697 745 776 802 831 835 871 960 
18 25 75 104 122 129 136 181 194 214 358 381 452 640 706 788 791 828 862 911 
18 49 202 265 346 407 415 456 481 567 634 644 697 698 717 718 761 860 870 884 905 927 
35 80 244 256 286 311 341 463 512 548 640 699 905 950 
26 52 112 196 247 290 373 391 458 527 607 779 802 829 861 954 
30 34 135 148 165 265 275 302 304 394 398 407 482 546 622 630 662 721 750 782 813 966 
11 30 39 56 104 192 202 214 225 272 312 400 460 461 575 600 734 738 753 957 
97 102 201 230 249 286 335 338 362 420 435 513 580 610 675 718 726 898 907 908 947 986 996 
74 113 195 230 233 357 407 457 523 550 552 578 601 683 808 827 882 966 995 
130 140 224 352 420 476 689 717 720 754 839 853 903 954 973 
112 186 378 381 403 408 440 461 568 633 944 
120 125 195 219 245 265 267 287 300 446 455 491 547 668 692 714 734 746 
17 106 117 132 168 255 270 275 364 495 606 632 990 993 
34 57 161 218 230 299 368 429 537 546 697 760 843 884 978 
67 74 83 137 159 186 188 287 322 352 356 377 454 467 480 482 521 552 563 624 650 745 752 771 783 799 809 811 826 901 939 946 963 984 
31 114 183 259 271 276 282 284 327 410 444 452 469 518 546 636 640 659 688 704 717 718 799 815 862 884 957 974 
29 74 106 189 193 239 265 350 404 424 519 626 821 834 876 908 909 952 
1 8 10 22 32 37 66 100 256 257 388 501 547 552 555 573 664 673 715 720 727 750 769 814 957 974 981 982 984 
116 129 143 251 339 363 366 382 432 465 496 630 655 704 744 783 795 809 811 864 872 943 970 983 
32 122 181 226 227 266 275 362 429 462 473 491 494 532 576 583 588 865 992 999 
36 128 182 325 422 512 695 714 745 788 792 939 
60 101 114 161 311 313 448 463 521 570 581 603 679 688 769 814 842 906 970 
48 71 102 174 208 245 278 306 352 395 419 456 457 468 500 588 737 800 955 967 
94 122 147 185 251 308 317 324 344 496 499 501 508 586 615 647 659 666 735 759 762 953 978 
7 32 47 92 228 299 357 410 416 419 533 539 597 651 668 673 745 954 991 995 
41 46 96 174 190 234 255 306 314 326 381 447 490 535 541 545 586 597 625 634 661 663 717 759 860 861 881 882 
115 130 188 201 399 502 563 568 680 816 828 835 855 864 
74 226 257 383 406 665 778 803 830 831 898 911 915 918 947 992 
113 121 155 238 245 295 331 353 376 398 499 501 509 535 633 711 878 967 
61 177 244 278 388 399 447 464 470 487 539 550 574 601 659 665 847 899 935 980 986 
28 32 124 125 144 320 331 369 476 563 587 617 620 640 645 646 685 703 707 714 738 739 760 762 770 776 793 817 843 918 948 971 
168 183 202 218 273 323 379 409 416 561 572 623 634 688 693 725 760 912 
62 156 192 243 353 378 430 453 463 475 714 732 756 815 824 873 879 883 
61 85 165 289 305 405 446 466 513 550 621 624 638 641 651 674 723 760 771 796 812 855 914 
9 35 164 240 300 462 523 527 528 538 559 713 720 757 835 837 944 
0 40 158 259 311 361 425 440 478 527 539 662 732 834 849 853 939 
0 7 199 258 368 390 407 520 694 699 726 728 735 767 926 
13 70 337 346 401 524 595 811 857 947 
12 69 100 102 104 169 180 221 288 468 483 652 662 710 723 794 808 895 905 
7 17 56 76 150 153 195 266 270 297 322 340 470 481 490 602 708 712 747 793 822 833 836 840 916 951 952 968 
108 117 197 234 263 324 329 333 395 512 548 595 607 697 708 732 745 801 828 830 840 863 875 930 935 936 
2 275 285 401 511 543 570 580 650 670 683 723 736 773 778 871 897 917 955 978 986 989 
81 92 126 165 185 238 310 319 402 441 670 706 852 853 856 862 887 964 988 
4 37 76 143 169 181 312 315 316 383 395 423 437 473 479 583 596 613 658 733 739 842 889 892 946 968 990 
65 105 115 168 235 247 292 323 378 391 394 432 528 531 593 622 654 669 702 771 826 829 911 965 
72 155 229 281 284 296 325 366 367 392 394 414 421 571 592 713 759 777 877 883 978 989 
39 40 69 113 129 151 252 299 316 401 553 557 575 634 644 714 731 741 755 808 901 902 906 928 930 968 
16 24 62 199 354 419 489 520 550 553 613 646 660 707 952 
136 175 202 204 274 309 402 456 511 534 567 652 687 713 787 824 861 865 957 
46 48 79 127 179 204 259 305 375 445 468 472 499 501 551 570 650 702 784 829 877 879 882 959 
117 178 209 223 230 251 261 299 361 386 411 472 500 508 594 635 685 790 795 953 
16 56 82 93 114 124 129 177 185 211 216 239 243 244 257 308 432 439 460 509 555 561 627 641 663 797 806 818 905 938 974 
58 109 170 264 324 327 443 484 485 644 653 658 715 754 755 763 852 891 906 933 
179 194 229 314 384 439 562 723 768 791 794 796 818 837 937 956 995 
16 30 66 103 168 234 252 279 293 341 371 387 449 457 488 524 526 540 575 601 621 792 802 823 
92 121 131 144 180 184 247 384 391 471 512 516 581 667 705 716 760 788 800 804 809 814 840 930 984 990 
65 194 238 248 290 349 369 426 497 623 709 738 820 840 929 
64 84 130 160 177 222 237 334 473 570 667 731 777 783 784 815 833 867 952 963 
43 57 70 187 252 272 343 355 364 409 410 508 589 595 604 610 726 823 824 834 885 914 946 947 981 
183 302 307 464 485 537 553 619 726 758 786 798 825 827 872 886 924 934 956 
64 74 143 362 394 401 461 505 534 539 607 617 621 702 704 765 794 843 850 875 
15 20 30 123 214 237 256 296 301 344 364 407 415 488 497 522 542 574 605 632 634 638 726 727 739 784 797 798 859 881 917 921 937 956 971 
29 37 171 177 181 265 266 487 585 677 816 887 962 970 977 
50 76 101 169 181 202 227 324 375 453 468 530 583 627 753 798 865 995 
18 39 133 153 167 241 378 394 414 416 441 523 568 603 612 757 758 776 812 843 897 944 963 
63 110 116 212 218 341 375 414 490 522 531 534 609 678 694 706 909 919 994 
58 64 66 261 276 279 295 342 434 457 467 494 496 499 591 686 687 694 722 795 842 863 903 
10 62 63 190 232 276 292 324 478 536 604 621 894 989 
2 5 106 312 380 388 442 521 573 608 623 638 663 678 686 687 711 843 844 880 912 933 952 
16 30 38 181 200 225 259 273 312 316 345 348 406 413 433 479 584 640 664 696 804 805 892 895 
121 186 205 224 241 251 302 360 364 397 404 423 425 542 599 783 794 813 814 991 
23 119 155 159 228 271 371 433 442 535 586 
27 28 163 269 287 299 321 520 538 570 587 601 633 681 691 716 720 725 764 787 820 859 872 972 980 
75 88 101 103 109 167 191 279 394 412 552 578 658 791 918 945 962 970 990 
74 91 113 127 190 207 264 356 367 419 426 431 543 671 760 811 911 922 980 
3 112 129 130 208 226 243 263 319 320 344 433 467 489 545 567 651 670 735 752 780 807 809 865 905 
22 44 73 107 279 321 394 449 632 650 651 721 804 821 910 
86 122 215 222 264 292 304 365 424 432 558 582 655 660 684 689 697 720 734 782 801 820 826 860 861 885 893 916 921 
119 136 187 192 257 260 270 374 413 711 734 796 834 835 863 959 
73 89 90 127 146 195 376 393 409 415 517 533 653 781 810 892 934 950 
24 61 65 99 139 151 182 183 185 377 389 402 469 518 770 798 910 962 975 
21 46 113 171 213 249 262 295 298 342 366 384 437 486 494 531 554 604 643 686 700 703 713 753 763 837 838 891 966 971 
46 61 92 145 161 197 279 304 375 479 497 520 526 636 638 681 697 701 712 737 875 944 986 
42 49 61 200 244 246 283 476 511 556 571 611 685 778 967 982 
184 260 281 314 342 356 358 363 507 546 563 661 693 725 821 901 
14 67 81 93 95 157 188 318 368 369 465 483 668 670 691 704 750 787 834 882 885 934 938 946 
25 45 168 224 297 331 390 451 481 514 530 556 564 607 610 639 642 707 736 737 901 933 978 
90 130 216 291 296 314 411 466 469 569 582 589 674 696 749 759 792 808 869 882 891 977 
16 36 75 102 104 247 284 333 372 469 481 499 522 576 598 629 654 688 734 800 826 840 934 937 953 994 
15 44 134 250 314 338 374 390 421 449 471 646 667 672 696 704 735 759 782 827 891 980 
42 99 143 161 167 200 315 323 324 329 373 384 422 513 517 651 659 660 667 721 744 748 763 853 905 925 941 965 973 
16 274 311 316 344 357 392 473 545 880 905 920 933 987 
28 51 87 123 128 181 238 337 364 366 498 507 576 588 602 604 636 758 759 845 873 879 964 969 
17 34 52 84 162 207 214 234 245 289 425 482 486 496 576 616 687 705 731 787 806 883 951 
55 73 148 221 277 290 376 422 533 562 595 609 629 651 659 803 836 945 985 
13 54 70 113 170 227 237 251 266 350 376 518 519 709 869 920 
86 141 147 148 308 319 457 512 578 660 685 693 715 739 762 772 781 782 867 873 893 932 
4 7 79 141 195 300 304 315 326 345 354 439 508 575 580 594 644 687 809 810 833 841 895 986 
7 164 217 315 323 414 425 480 494 500 623 649 653 668 819 907 923 930 967 991 
3 61 85 137 142 227 288 386 432 445 482 578 626 632 636 642 798 944 961 972 991 
34 72 111 188 200 362 455 468 535 636 733 800 880 993 
92 185 292 326 332 354 356 389 527 551 587 596 615 642 644 735 773 809 902 918 
24 87 157 168 185 224 252 254 268 326 361 465 535 662 711 750 754 782 789 790 991 
0 157 172 330 361 508 534 549 637 702 708 782 836 858 900 
20 87 166 193 195 232 265 351 489 513 573 586 771 846 863 868 879 890 894 
34 147 148 190 241 427 524 530 603 608 650 734 920 975 983 
61 150 191 208 226 276 290 445 564 635 683 698 741 768 785 812 839 841 904 962 967 973 
46 59 67 116 183 189 226 271 274 275 281 372 376 400 410 467 531 539 562 640 714 790 814 917 934 957 978 
4 15 103 218 269 296 300 305 423 473 490 511 667 758 816 849 969 983 999 
58 62 183 232 240 245 266 284 285 286 364 413 416 417 451 468 470 490 534 551 577 613 830 895 951 
67 113 220 230 242 444 486 580 612 708 730 733 781 821 855 911 
81 220 233 275 303 366 381 387 550 620 674 766 777 812 818 869 919 976 984 987 
12 24 80 95 131 132 204 226 240 260 295 303 314 388 439 474 507 550 621 625 645 661 664 778 792 859 880 964 969 
45 51 118 122 317 323 379 507 533 606 613 619 632 665 833 896 919 955 958 961 967 
21 29 34 48 91 108 182 228 279 324 468 513 597 728 766 814 869 873 
12 20 65 78 163 240 254 274 288 308 324 381 408 497 676 688 708 773 777 807 819 846 909 916 924 974 
57 113 188 207 214 216 256 335 450 601 680 723 775 793 814 830 842 916 974 
77 134 200 216 224 295 451 472 756 914 946 
36 61 76 142 146 158 203 215 233 281 308 310 316 446 459 525 570 598 649 690 770 798 851 852 863 867 
20 30 137 261 264 333 489 497 544 560 597 605 640 697 699 703 738 841 848 
81 151 154 176 189 234 276 347 351 362 377 379 444 470 531 564 593 700 811 827 835 849 872 
29 34 94 119 290 342 346 481 555 574 676 756 920 
72 110 159 162 236 251 293 399 406 454 486 503 544 574 600 619 720 755 937 996 
3 44 50 51 205 210 320 448 461 491 544 753 941 994 
29 48 67 92 127 196 263 269 432 442 519 623 755 758 850 852 872 877 955 981 982 998 
30 77 88 152 276 291 296 574 579 679 716 753 861 896 947 
118 180 206 252 317 343 347 403 556 634 691 730 763 812 828 830 942 943 945 
67 83 84 177 238 272 332 373 376 393 408 431 562 602 615 649 723 824 907 948 
1 121 127 250 281 305 320 358 473 494 500 605 622 673 717 732 764 820 842 874 997 
25 30 123 167 273 290 305 382 676 788 796 896 919 981 997 
9 10 11 46 51 69 84 85 147 150 159 166 223 318 409 412 546 607 640 670 718 809 849 909 962 
46 123 124 383 424 462 491 492 595 605 622 627 743 747 810 852 868 
71 110 122 178 212 254 309 398 405 418 422 444 446 597 661 751 858 864 885 926 968 
19 178 194 197 288 292 340 346 452 455 670 761 807 815 855 951 992 996 
18 44 56 162 284 318 538 572 696 703 704 714 903 935 977 
96 149 207 310 317 358 426 442 523 576 609 643 708 719 798 802 824 826 868 894 
4 13 23 161 169 287 288 302 315 493 496 623 708 734 780 785 863 892 893 
9 21 47 77 112 209 210 306 442 455 519 534 583 612 755 766 845 857 889 917 927 965 972 
7 37 82 142 152 203 223 237 257 300 356 361 377 436 460 461 476 505 508 525 619 625 670 696 744 789 831 841 934 953 
2 76 128 147 148 151 199 217 248 253 265 308 325 371 392 434 473 474 479 485 569 686 708 714 749 775 784 823 956 971 
153 322 432 501 506 525 566 641 677 758 801 837 845 886 
29 37 71 310 362 438 494 547 581 592 630 741 761 
7 55 205 214 250 296 312 323 326 351 352 354 398 451 480 538 587 637 652 683 768 828 932 982 
40 52 57 79 138 152 153 208 286 442 502 604 688 739 765 885 
129 202 225 278 335 353 434 459 464 486 494 506 585 662 671 703 727 749 951 
58 61 206 214 220 266 272 309 338 483 500 619 637 654 665 756 852 921 968 993 
63 89 116 295 322 379 380 395 507 543 626 747 819 861 886 
108 136 148 165 272 312 323 364 375 425 467 629 716 814 826 868 885 969 
64 75 168 306 441 635 642 676 746 808 880 947 965 
17 22 60 88 113 136 141 157 165 241 264 436 520 581 640 665 676 691 693 771 778 858 886 
40 129 174 183 286 288 307 372 385 473 538 771 791 828 845 951 964 972 
22 136 241 293 320 322 420 625 669 682 695 704 708 747 
41 151 226 275 362 371 374 578 641 729 745 777 801 840 860 974 
89 107 126 127 144 205 232 234 341 361 390 478 485 710 765 843 909 970 
43 84 85 128 133 145 213 360 363 369 415 460 477 497 549 666 745 829 841 861 881 886 888 892 904 918 
20 21 170 173 176 201 219 361 366 412 413 494 551 575 597 633 675 790 831 846 959 
62 100 120 274 315 327 510 542 608 705 780 803 832 853 872 886 899 969 982 
61 110 231 253 298 310 343 361 372 535 554 734 803 855 
116 177 184 201 217 355 399 438 453 489 734 744 775 910 929 934 968 974 
40 42 48 59 96 107 120 127 372 400 408 414 606 655 656 769 773 845 858 924 972 993 
62 175 295 452 472 487 603 621 669 684 739 769 816 925 937 
61 80 113 120 137 196 208 372 562 715 717 727 786 803 835 858 902 983 
0 72 141 177 229 244 256 277 290 319 378 382 537 666 694 721 751 763 780 867 883 901 911 935 946 968 
55 56 103 301 334 366 384 434 444 560 567 582 657 660 677 767 773 876 890 
84 141 146 233 264 285 294 316 519 569 658 793 852 880 938 945 946 965 974 984 996 
6 41 49 58 162 255 388 463 478 512 664 674 930 946 962 
31 44 76 122 282 305 310 368 400 415 461 553 591 592 663 674 720 730 757 777 826 834 869 897 910 921 997 
47 48 145 180 230 268 288 454 455 456 508 610 676 733 741 779 844 845 874 902 919 994 
1 83 139 160 187 270 371 380 401 530 549 622 623 638 648 697 805 839 955 
2 20 54 71 73 208 319 326 355 438 441 500 525 613 682 767 803 815 872 897 925 934 
151 169 290 296 385 408 434 477 544 561 578 584 598 665 693 698 880 891 
56 119 210 219 243 293 298 356 468 494 567 647 981 986 
11 49 79 112 117 128 152 163 176 219 299 460 532 548 591 634 639 655 684 701 741 760 781 798 802 861 890 894 905 942 959 972 991 
74 193 222 253 254 298 315 342 455 471 575 628 697 698 722 765 878 903 933 943 957 970 
15 33 78 92 120 131 137 225 311 395 419 726 800 853 957 976 
14 111 119 138 162 207 210 220 305 386 428 517 555 675 782 791 806 901 963 
9 27 86 120 178 242 332 340 348 374 392 443 487 503 521 550 556 594 688 749 808 826 949 999 
62 104 112 153 193 294 309 502 564 605 629 682 730 784 806 850 874 880 920 925 943 
61 196 391 457 471 475 530 554 636 690 774 864 887 898 946 
22 87 171 185 186 187 274 284 345 397 455 486 572 609 616 678 685 832 
120 137 157 167 185 210 278 294 330 340 377 474 491 502 519 529 556 645 699 723 793 993 
61 88 90 121 163 191 206 392 394 400 417 434 469 547 561 567 591 697 746 747 826 846 899 950 967 
4 101 183 197 217 229 295 299 347 372 413 505 705 709 725 755 772 842 845 925 931 990 997 
6 15 17 52 58 78 176 178 192 229 286 291 305 350 460 567 600 696 697 785 858 898 942 950 954 961 
10 17 43 82 117 169 172 184 212 346 377 472 493 498 500 653 715 727 751 812 837 
79 115 118 215 272 291 315 340 353 375 475 508 536 578 594 596 600 621 657 694 786 831 839 923 937 
75 90 157 272 321 335 358 372 458 480 483 579 647 669 675 742 743 839 853 881 905 
76 162 195 253 273 293 346 368 385 395 449 471 474 500 522 543 556 557 563 632 641 802 847 896 905 922 960 
147 224 256 293 311 521 543 555 669 686 690 746 769 772 774 788 857 958 989 
22 83 85 137 145 224 267 349 399 525 543 551 553 612 659 691 693 753 833 900 932 936 
19 92 173 194 225 353 375 386 399 438 508 615 618 639 818 876 905 907 948 
3 23 76 139 193 232 300 327 574 589 623 782 820 827 854 865 918 942 
72 169 170 187 267 270 437 446 490 491 562 586 602 722 729 795 832 959 
54 110 321 365 381 442 459 649 692 766 784 843 
25 156 190 215 245 290 297 316 318 369 467 525 530 544 570 623 636 698 704 717 727 852 900 935 958 991 999 
93 106 135 152 300 329 334 345 354 356 371 533 550 643 730 751 823 868 872 890 903 973 988 997 
57 99 127 189 199 214 237 281 402 436 499 582 643 683 815 833 837 849 885 953 972 
26 32 70 199 223 278 292 402 427 440 471 488 519 541 629 636 654 787 813 824 827 835 876 925 994 999 
8 86 150 227 300 335 364 400 447 473 507 513 534 551 574 606 639 980 
84 164 187 194 237 380 505 510 549 577 623 668 690 723 799 821 822 896 907 910 942 946 970 983 
47 72 126 140 174 183 279 291 365 453 525 625 712 822 858 878 952 957 
0 9 43 116 188 208 240 267 316 354 395 405 416 486 588 631 666 696 703 760 789 793 814 882 892 895 981 991 
62 128 285 365 387 436 473 485 523 539 550 573 608 633 653 692 776 784 865 874 880 903 925 929 931 967 
156 175 187 192 211 248 249 376 444 446 556 598 639 668 734 746 750 824 874 883 929 950 971 
4 21 235 393 416 496 499 515 542 569 618 644 651 691 804 859 901 910 924 985 994 999 
163 195 223 269 297 309 332 394 417 522 617 674 709 801 849 898 910 963 996 
2 25 213 315 332 340 402 482 487 488 526 536 557 632 634 639 674 701 848 884 922 957 
21 49 153 159 185 226 266 298 371 393 414 479 498 567 640 670 671 686 966 
57 87 183 252 285 349 380 539 544 572 688 702 709 713 717 752 773 818 915 927 934 
45 128 129 161 204 207 208 307 335 464 527 542 620 749 765 768 833 876 877 959 991 
101 122 149 151 233 296 305 308 324 364 462 481 801 806 839 855 942 964 986 
23 72 110 325 343 403 475 483 542 651 693 696 701 717 745 818 834 941 977 
11 19 40 133 196 264 353 408 465 525 629 630 642 676 710 726 930 984 985 
67 102 147 254 356 374 417 554 631 688 716 731 764 782 847 908 
91 115 154 157 173 266 326 350 362 367 454 460 480 482 534 843 866 913 
72 77 113 121 179 288 302 313 414 511 612 616 698 702 712 769 779 800 810 824 846 852 868 985 990 
9 24 34 153 154 175 192 279 429 444 468 482 499 505 534 540 549 552 626 680 702 726 727 748 753 755 783 810 874 878 913 945 968 
30 121 145 169 203 266 302 319 355 371 387 508 527 531 624 751 772 873 924 938 997 
35 51 81 93 94 107 129 153 202 444 448 476 526 576 634 701 789 811 834 864 868 971 991 
109 120 130 140 155 165 197 332 371 389 398 440 450 455 458 594 648 677 686 796 869 877 966 
147 203 234 242 247 301 310 325 361 383 435 458 494 527 594 738 743 765 855 878 918 955 971 
58 120 210 234 261 273 279 305 329 394 430 524 547 589 593 608 655 677 
61 263 304 311 314 326 353 355 397 406 643 705 758 796 802 805 851 957 982 
17 51 54 64 93 97 139 164 175 247 383 394 478 524 525 551 607 625 641 708 775 810 815 833 839 917 
8 9 26 93 182 184 311 379 381 408 410 451 504 510 598 679 713 824 885 908 931 955 
32 69 249 335 349 396 411 522 564 701 704 760 875 906 928 
29 55 122 174 177 221 264 309 351 352 489 533 642 644 762 769 875 994 
13 17 47 54 77 147 197 278 392 485 564 577 653 659 675 866 945 
34 35 48 50 133 140 171 218 220 293 312 465 517 527 574 594 640 709 885 944 945 978 
63 86 121 138 276 393 402 442 498 665 717 725 755 794 810 906 950 958 
34 65 132 136 169 204 214 227 305 316 321 376 454 514 525 538 563 575 611 624 643 682 710 872 897 911 928 
30 67 81 104 222 346 408 423 437 454 488 650 668 757 853 863 908 
2 10 46 80 152 164 196 272 314 354 366 376 398 415 491 528 595 616 664 682 705 760 857 904 940 969 981 
48 113 126 152 183 269 271 285 354 378 390 438 494 623 628 665 814 833 913 928 936 973 984 
13 41 318 366 384 414 417 439 477 496 497 520 676 714 781 845 864 894 937 994 
20 44 53 228 261 276 291 315 344 368 385 398 447 474 494 641 658 659 666 668 688 710 723 735 849 851 852 900 956 997 
11 39 130 172 175 203 205 239 270 330 412 450 535 629 701 708 737 920 930 
21 83 91 147 171 200 229 383 494 520 568 626 631 644 649 651 712 768 783 794 821 834 967 975 
59 92 98 127 162 209 231 237 272 280 314 404 427 539 540 541 547 558 694 725 764 866 
43 93 149 171 187 226 248 271 378 383 394 531 622 658 718 843 883 931 976 993 
71 117 126 177 198 253 388 391 406 489 544 644 667 670 672 684 687 695 736 819 915 995 
176 222 283 366 386 430 431 469 597 632 688 693 761 848 849 881 940 975 988 990 993 
124 138 225 255 306 465 506 610 621 627 827 845 921 938 952 
55 114 141 143 309 388 489 515 548 563 607 683 751 830 840 979 983 985 995 
32 96 139 182 200 256 366 395 398 499 522 580 589 608 618 649 677 688 722 756 784 793 855 889 946 973 975 997 
50 83 86 151 188 341 402 426 478 505 507 614 622 668 689 692 698 731 734 800 901 915 928 946 983 
25 74 138 152 174 217 291 396 410 437 439 475 517 583 657 702 731 825 827 841 886 
74 161 219 244 250 308 498 521 606 610 653 655 690 707 747 837 873 896 957 987 
10 15 122 163 218 363 388 407 422 455 525 539 622 669 718 783 803 807 828 834 848 860 862 890 898 
26 51 115 253 254 265 305 313 317 343 366 378 444 485 609 660 684 687 710 735 847 879 902 
32 73 128 145 150 193 228 275 313 342 343 418 436 449 510 569 572 579 649 781 835 944 951 
18 69 164 231 271 585 633 735 822 823 862 881 925 
21 74 78 120 152 158 300 315 365 508 545 608 667 686 810 856 928 931 953 982 
10 93 107 147 184 188 189 201 214 238 271 282 324 376 505 545 630 699 750 833 896 
64 162 263 267 300 353 381 466 585 608 851 927 
50 55 84 90 109 122 160 211 249 367 374 417 427 457 539 584 633 663 727 779 790 815 846 894 985 
24 132 143 190 258 351 370 373 393 458 459 460 481 518 544 567 666 822 840 868 940 
26 80 83 100 116 244 255 268 358 367 468 479 626 645 662 710 713 728 844 858 882 883 903 914 979 
4 131 179 243 393 434 533 672 721 734 744 745 841 878 887 901 933 954 988 997 999 
9 41 139 196 209 243 251 261 522 529 617 632 647 717 787 793 842 853 877 938 964 
15 34 119 136 547 602 625 827 895 898 919 942 
4 80 134 150 252 271 283 296 466 502 561 570 585 604 640 649 652 672 709 797 811 888 
31 95 121 307 487 495 538 545 631 645 655 686 690 722 776 778 789 884 892 
16 38 86 93 174 190 205 314 590 609 625 683 706 714 715 777 836 881 888 908 946 957 971 
2 70 89 92 139 153 274 309 330 449 577 596 603 605 660 667 680 754 788 859 871 882 892 968 978 
75 83 145 449 466 498 526 724 795 962 990 
2 98 138 243 250 274 312 318 371 467 479 484 537 557 633 636 651 695 714 719 767 804 833 846 900 930 963 993 
58 83 86 93 108 110 208 217 245 255 367 373 394 502 505 627 708 943 950 992 
42 86 123 155 166 190 223 232 359 360 402 419 562 575 585 619 684 758 783 960 986 
47 59 102 104 125 131 190 227 350 455 495 514 557 577 705 715 729 749 843 874 907 911 947 954 
5 19 46 48 66 104 151 164 294 318 433 452 495 498 512 546 567 650 704 737 779 840 873 886 912 954 974 
115 264 408 423 656 734 829 867 912 956 964 969 972 973 
47 55 59 82 117 176 206 215 223 250 338 354 393 404 561 580 596 630 705 816 907 964 969 973 
139 159 184 201 217 271 331 372 411 442 505 514 521 549 638 718 827 863 895 947 970 
5 45 63 121 183 224 265 274 335 372 418 432 464 510 543 583 701 746 751 752 896 
13 116 190 223 323 350 437 444 452 500 525 547 584 689 699 739 758 778 785 818 822 918 
30 284 313 326 332 343 359 360 505 548 597 681 694 761 843 857 916 957 
10 96 101 121 190 202 203 214 384 397 423 448 496 597 680 735 822 845 881 966 
49 129 170 193 194 366 382 402 406 426 451 471 563 578 592 647 657 711 783 800 935 961 
5 14 30 133 141 204 228 371 377 384 457 507 556 587 606 632 681 684 778 872 930 
14 49 60 141 146 167 169 195 256 287 438 447 452 501 537 561 745 749 772 785 797 821 924 969 
29 196 244 322 342 435 454 482 525 530 531 578 579 580 621 654 724 737 740 812 862 916 948 
84 86 135 183 191 216 220 334 393 407 497 576 578 643 665 684 733 736 747 815 855 882 898 921 926 975 
9 61 130 139 155 218 222 269 370 374 400 421 424 448 499 609 669 712 835 836 877 878 886 922 947 978 
67 86 119 187 306 381 385 467 483 588 658 739 989 
14 25 72 225 261 273 330 333 346 392 421 456 669 697 701 713 721 837 895 919 925 974 983 
90 314 323 360 422 438 589 593 647 707 741 795 851 866 915 
23 28 139 186 297 333 377 472 482 522 564 589 638 646 660 668 691 830 874 
15 17 139 142 268 289 302 344 428 431 449 471 515 521 631 675 764 776 850 852 869 941 989 
33 51 89 126 140 247 286 374 455 473 521 588 710 754 771 892 993 
28 73 83 269 352 380 406 428 443 457 477 527 546 679 733 775 787 799 
12 90 136 166 173 182 244 381 392 489 538 720 741 762 763 803 842 845 870 901 904 980 
79 113 119 236 308 348 379 418 447 448 460 542 616 639 646 679 730 746 838 851 873 888 933 939 949 969 997 
6 36 154 276 396 459 476 523 532 540 547 555 598 606 707 745 755 771 773 894 904 910 942 984 
81 119 126 159 163 170 229 230 274 346 364 437 532 564 639 645 689 741 777 848 871 962 991 
133 177 222 232 249 288 297 404 575 593 907 943 976 981 
159 192 255 380 495 519 530 606 787 804 858 962 963 
7 50 64 92 316 331 338 364 387 456 488 617 660 706 795 820 827 900 985 
47 63 83 131 152 192 260 388 435 562 573 624 678 776 794 931 982 
111 149 157 164 182 306 327 421 535 560 649 690 743 758 878 898 930 955 
79 147 172 254 283 299 373 448 479 568 608 620 634 785 958 980 983 988 
207 271 279 283 322 346 432 486 534 535 576 769 773 866 907 961 
11 14 216 332 343 439 445 491 591 599 618 641 706 714 803 823 860 934 938 
7 19 29 30 48 150 179 225 276 281 319 345 388 432 642 679 695 775 776 941 951 962 
22 29 49 104 124 200 249 282 350 447 502 532 539 542 566 652 672 678 827 829 855 
136 480 542 688 741 792 803 825 879 995 
34 38 43 51 55 110 213 219 220 341 364 415 421 460 464 623 638 653 699 762 819 840 846 906 939 973 982 994 
86 144 197 327 365 412 427 503 569 630 684 702 735 750 763 821 889 890 923 948 
31 47 90 94 98 126 214 219 274 429 470 619 623 628 830 835 838 854 870 983 984 
6 40 56 72 156 568 572 678 750 769 971 
144 217 255 293 363 610 765 810 833 853 863 927 977 988 
75 88 98 114 121 133 140 154 222 228 276 284 295 405 415 494 511 619 648 693 867 909 930 933 
15 147 170 176 277 338 339 350 448 470 512 557 582 598 663 743 788 833 867 900 985 
130 157 238 295 313 350 370 372 375 377 432 451 483 494 521 523 539 557 598 683 737 794 815 880 890 927 965 988 
7 90 159 172 239 251 283 291 330 361 368 450 456 512 531 569 668 707 716 724 821 846 849 864 901 
29 81 119 160 211 229 263 267 351 469 514 595 617 741 758 880 935 939 
18 45 47 133 181 232 251 264 290 296 303 334 408 420 468 543 548 573 648 721 788 910 981 986 
7 9 26 92 94 109 132 163 275 421 490 516 537 573 620 656 675 794 807 824 828 849 863 900 920 931 
18 47 188 193 406 518 533 608 819 823 
49 70 137 185 227 255 294 333 376 462 538 545 619 680 684 705 732 751 755 815 858 983 
33 84 140 143 150 218 264 269 272 304 353 460 483 573 608 660 678 739 770 782 812 876 998 
1 36 49 304 341 440 526 608 624 791 836 849 863 874 963 982 
14 205 227 254 299 439 500 600 756 759 774 852 879 924 926 965 976 985 
9 31 70 85 196 203 213 271 504 565 628 810 820 828 883 896 897 981 985 994 
81 193 208 228 410 468 593 735 748 761 773 812 867 876 895 897 898 
73 79 137 156 216 292 343 418 476 477 531 538 561 611 644 660 809 855 882 884 902 943 961 995 998 
39 54 157 163 193 300 301 451 498 609 625 796 907 
84 134 313 350 386 405 422 462 533 570 579 628 640 701 708 737 803 858 861 894 906 927 944 995 
38 44 49 52 164 188 237 315 403 439 443 584 676 679 700 717 781 784 806 809 858 859 946 
109 148 205 257 305 359 418 429 476 494 548 605 631 633 644 689 716 740 773 865 963 
20 63 147 185 210 227 314 348 354 358 462 504 656 674 685 746 846 927 
2 3 58 73 90 140 152 161 252 365 369 417 427 511 563 610 653 676 802 912 953 958 984 
126 148 222 431 434 507 569 667 721 797 993 
61 123 189 208 232 385 388 443 471 477 512 531 545 577 600 663 689 742 776 785 798 817 833 843 854 869 871 915 983 
37 43 163 188 238 296 302 315 407 428 477 494 532 539 545 573 581 598 609 613 651 662 752 803 804 833 946 
14 39 65 155 248 249 302 356 357 451 455 465 497 516 558 685 755 822 
1 40 51 63 72 88 296 377 380 389 420 484 497 547 580 597 634 663 680 709 755 784 843 860 959 
100 218 407 411 420 436 469 509 583 617 629 781 818 874 893 908 966 979 986 989 
