10 2 7 
1 
3 5 
0 0 
3 
1 1 9 4 
1 4 5 7 
2 5 8 
0 0 
6 
5 8 
1 9 9 
5 7 
4 
8 5 1 6 10 
4 3 1 
7 10 2 
2 2 
10 
4 
6 
4 
4 10 
10 
10 
10 
5 7 
7 
9 6 9 
4 
5 7 
9 1 4 2 7 
0 0 
10 4 7 9 
9 
2 2 2 5 
9 5 1 3 1 
7 10 
5 1 
3 2 6 7 
1 
6 4 
0 0 
6 
0 0 
10 4 2 9 8 5 
7 7 4 1 
6 10 5 
8 6 
7 3 2 
0 0 
4 2 1 8 10 8 
1 8 8 
0 0 
2 1 4 4 
6 4 9 4 
2 
3 
7 5 10 
2 
2 10 
5 10 8 7 
3 3 
9 5 
0 0 
10 6 
1 7 
10 
8 
6 6 
10 8 
2 
8 4 5 
0 0 
10 8 8 
4 8 
9 2 
8 5 
8 
2 7 10 7 
4 5 6 
9 
3 8 
2 
3 3 
0 0 
2 7 1 4 1 
8 1 10 
9 10 
2 7 
2 1 8 
0 0 
10 
0 0 
10 5 9 6 
5 
8 7 
2 
3 5 2 1 3 
9 6 5 
