23 47 52 73 90 
36 73 90 99 
21 38 94 96 
24 49 86 92 96 
3 6 88 
8 16 24 29 65 88 96 
7 26 32 39 55 60 73 75 
10 29 33 36 37 51 74 
41 60 
4 53 67 75 
13 22 23 48 70 85 91 
4 7 95 
20 30 38 39 90 
83 86 
6 21 32 36 42 48 52 62 63 84 85 
30 33 43 
2 5 6 7 10 15 24 57 62 
0 21 
13 27 34 59 62 92 
2 31 33 74 84 
5 14 
23 36 72 
21 26 32 60 87 
71 78 95 
5 19 51 66 77 82 95 
23 31 37 58 59 74 96 
7 71 98 
33 58 66 76 
13 37 62 64 68 70 77 
14 48 61 86 98 
4 37 58 61 63 79 87 99 
78 
5 9 57 59 70 86 
33 62 74 97 99 
18 27 43 55 91 92 94 
7 20 26 35 39 55 68 87 96 
31 52 64 
15 50 55 
5 6 12 22 23 31 43 70 84 
11 19 28 32 39 94 
16 34 36 45 53 65 78 95 
94 98 
34 42 51 55 59 66 
50 
26 39 47 49 55 61 62 66 85 98 
12 23 34 38 50 65 81 
0 6 36 38 62 80 
35 40 47 58 99 
1 22 29 
70 82 90 93 94 
16 20 28 45 47 57 94 
15 28 
33 64 
5 6 14 22 48 62 89 98 
1 8 19 47 71 
21 57 76 
7 62 75 94 
24 27 40 48 60 86 
40 42 77 
24 36 43 74 78 83 
18 22 36 64 76 97 99 
15 19 72 82 96 
33 85 
6 33 39 52 61 74 98 
11 14 30 58 60 73 78 88 95 
0 10 37 44 57 92 95 
21 31 33 48 72 77 
13 21 26 99 
34 50 87 94 
6 21 
8 9 15 24 41 42 52 62 
23 
2 6 34 81 84 
6 12 48 73 74 
0 18 41 84 85 86 
67 85 88 
6 10 
2 5 23 24 56 57 58 90 98 
33 55 67 
12 65 69 72 94 98 
24 36 
13 33 55 72 76 
14 21 28 37 43 92 96 
14 58 59 66 72 73 83 
1 9 42 43 56 57 84 87 97 99 
3 38 57 66 82 
0 4 62 63 
21 30 31 60 76 
3 
77 
22 65 96 
38 45 50 59 78 79 
2 77 
12 27 99 
2 15 37 
2 49 58 78 83 
6 9 13 51 56 
15 26 60 68 
12 17 22 24 40 60 62 79 
13 18 36 58 99 
