23 93 
95 
45 
0 0 
0 0 
34 42 47 83 
99 
1 36 
0 0 
38 
0 0 
49 
40 87 
38 
89 
7 17 
71 
69 
98 
31 
94 
0 0 
17 53 
15 
0 0 
41 
33 
0 0 
0 
0 0 
62 
0 0 
0 0 
85 
0 0 
31 53 
69 78 82 98 
0 0 
0 0 
0 56 
94 
99 
0 0 
0 0 
0 0 
0 0 
6 28 30 45 99 
72 
32 75 
56 
0 0 
0 0 
69 
6 41 
0 0 
40 
9 30 
46 
34 89 
57 92 
0 0 
0 0 
0 0 
0 0 
23 33 
88 
0 0 
22 
0 0 
0 0 
0 0 
0 0 
0 0 
49 
0 0 
6 86 
8 14 
0 0 
97 
0 0 
18 39 75 
90 
94 
25 
42 
55 62 
0 0 
7 26 
3 4 
0 0 
81 
67 
0 0 
41 
0 0 
51 
0 0 
75 
0 0 
66 98 
