23 47 92 
94 
3 43 
0 0 
15 
31 39 44 80 
3 50 94 96 
31 59 60 
0 0 
31 
43 54 
2 39 41 
29 76 
27 
24 72 76 89 93 
3 28 77 
47 54 57 
12 50 
79 
12 
75 
98 
34 96 
24 
88 
20 
12 86 
78 
13 47 95 
53 
36 88 
54 56 72 80 92 
0 0 
4 52 54 82 
96 
18 44 57 97 
31 40 44 60 93 
2 72 
23 58 
14 22 32 43 
49 
12 53 
0 0 
85 
0 0 
59 72 80 82 95 96 
0 49 71 75 
3 19 79 
22 83 
2 43 67 
0 0 
16 28 40 69 77 94 
7 44 79 
0 0 
16 57 67 75 
44 53 64 75 
79 
67 
22 86 89 
24 
5 43 
11 42 46 87 
73 89 
47 57 
0 0 
12 32 
45 46 
37 
78 
23 28 
92 99 
27 
23 63 73 
0 0 
19 95 98 
20 26 
36 59 
4 5 
5 
25 47 81 82 
16 83 95 
99 
30 56 
46 
59 66 
0 0 
1 10 16 28 46 
4 5 55 
20 36 
79 88 
19 35 62 
0 0 
36 
0 0 
8 23 42 43 
78 
66 69 
71 
18 27 53 76 84 
22 27 86 
