17 63 82 185 190 243 250 269 271 290 315 365 383 425 475 503 715 722 802 852 900 993 
10 14 160 211 243 262 329 340 370 418 512 627 683 716 737 824 843 886 955 958 
14 67 101 127 167 227 360 366 383 407 426 484 494 648 681 844 851 922 946 997 
105 207 329 423 454 707 765 799 969 975 
17 36 133 168 170 253 327 396 472 491 584 639 646 786 811 854 906 917 
16 111 125 156 172 197 250 313 316 457 490 576 598 704 758 845 898 914 992 
12 269 346 438 458 477 498 501 617 653 660 673 733 812 980 
11 12 34 141 222 231 283 284 319 321 367 382 384 542 549 554 582 593 686 767 861 929 
3 46 109 162 233 243 251 274 323 369 415 450 461 481 497 507 509 552 613 630 677 749 770 836 852 914 929 933 941 978 
198 201 213 263 272 273 283 363 382 428 445 498 534 544 563 631 646 648 687 725 735 742 784 838 930 
57 86 171 176 202 217 240 383 481 553 603 621 642 727 740 823 824 860 879 926 951 
83 145 159 171 173 180 181 196 222 235 290 441 467 487 504 549 565 652 723 740 759 796 857 951 953 981 995 
34 67 89 187 191 195 207 233 329 397 405 415 450 469 650 667 733 845 867 
40 61 67 76 120 139 150 202 272 317 321 344 427 477 545 602 666 685 709 722 764 814 930 962 
222 259 312 347 435 456 469 484 606 661 683 739 794 905 916 942 953 985 987 
29 140 371 392 435 436 520 559 566 587 604 643 698 724 729 745 757 896 906 940 949 964 
1 268 286 302 408 429 580 668 671 763 929 966 984 
8 15 30 109 147 179 192 213 229 241 283 319 331 346 555 631 643 648 673 732 756 993 
12 50 53 71 149 204 214 231 260 309 334 373 422 528 687 725 856 865 868 983 
59 65 243 250 279 313 411 467 489 511 538 540 702 714 752 818 918 936 960 
192 206 254 271 293 320 444 448 538 547 576 593 602 604 615 643 662 718 741 848 860 932 956 
34 121 144 152 196 280 334 478 483 603 615 646 659 709 754 869 900 936 990 
118 259 279 299 310 403 418 478 505 507 530 754 782 795 836 846 870 876 943 991 
8 59 157 163 171 337 389 464 476 500 574 579 608 614 629 659 667 753 833 848 904 913 964 
29 71 101 194 275 291 383 384 578 616 673 756 793 809 824 862 865 900 909 918 975 
60 96 146 189 259 283 388 406 487 603 630 655 723 750 757 828 952 
13 55 59 179 203 251 275 292 371 383 456 516 582 595 683 696 843 909 
31 88 152 229 243 251 339 345 381 407 421 451 464 472 507 571 573 580 607 609 666 775 786 933 945 
21 71 85 99 130 176 232 235 264 335 375 386 471 527 574 588 620 681 797 891 897 950 
91 110 114 446 467 476 514 556 625 640 663 673 696 701 711 752 765 859 888 
45 161 183 200 223 234 253 262 313 404 411 420 429 488 583 586 622 636 644 680 804 
5 67 175 185 249 251 261 308 467 510 564 715 788 832 849 892 932 
25 56 160 205 208 313 338 344 367 428 466 535 761 764 777 813 963 
52 263 329 335 436 458 567 571 583 675 703 717 816 839 947 
22 63 172 204 242 353 467 649 700 721 762 801 802 815 826 898 899 978 982 
41 171 223 354 355 372 414 469 497 528 593 713 755 858 885 898 928 956 
34 86 92 126 144 160 204 233 518 691 782 850 895 913 962 978 
45 84 163 180 205 215 315 404 452 471 503 504 519 553 575 610 621 650 660 671 687 783 795 834 840 867 892 893 895 995 
80 89 120 224 318 354 440 480 547 606 637 715 726 969 
81 95 161 164 196 272 340 447 476 533 555 566 609 665 756 856 945 955 
21 107 140 157 270 306 320 364 540 553 581 585 590 603 672 704 715 742 
85 162 171 213 235 284 287 319 359 368 386 390 529 548 557 606 672 753 758 791 797 861 943 948 956 962 
63 65 68 69 110 138 212 220 224 235 236 351 415 515 527 562 573 583 595 604 626 714 881 975 
87 293 421 458 517 622 732 774 780 905 908 913 918 989 
1 99 130 165 264 383 411 462 470 492 509 546 570 716 778 838 922 982 
121 135 216 244 301 356 574 641 694 728 774 835 885 904 911 913 991 
29 32 62 144 154 157 158 178 293 294 314 353 452 505 560 741 792 845 869 889 927 
138 167 188 284 302 351 385 391 450 477 479 595 770 810 824 862 890 957 
15 111 129 163 196 294 339 388 438 448 454 614 635 636 727 788 832 863 921 979 
0 15 23 40 92 165 278 333 649 706 751 780 789 948 990 
78 84 106 177 188 213 251 336 380 411 446 476 571 705 765 829 842 868 961 
113 140 165 170 187 219 227 276 287 323 386 418 473 492 501 537 608 622 711 718 755 756 774 777 825 861 887 927 953 975 
60 69 173 188 254 317 319 369 398 501 517 633 760 774 796 804 817 881 927 968 985 994 
6 35 54 109 198 221 287 309 339 364 401 480 489 522 601 684 711 713 816 823 977 994 
46 70 87 207 392 400 451 497 554 597 612 629 704 710 760 814 866 903 
3 143 257 266 304 317 438 588 615 617 703 707 721 724 759 802 873 952 983 
158 198 285 312 395 401 508 553 677 717 719 739 977 
3 162 283 318 336 439 440 500 544 603 616 737 740 777 785 798 813 825 830 877 883 932 
29 39 47 166 236 271 373 470 525 582 598 660 690 699 712 716 768 944 
20 110 112 186 295 380 403 528 564 775 787 850 923 951 959 
11 47 101 141 195 286 388 450 520 526 535 612 661 699 746 798 807 808 812 948 
12 43 200 233 247 313 320 322 408 452 537 657 680 726 817 827 941 977 993 
16 33 40 57 96 112 135 191 201 255 278 317 328 353 364 374 452 499 507 532 559 561 564 569 609 680 746 918 988 
136 143 184 209 478 489 544 586 611 764 826 877 878 891 925 
54 97 162 207 330 337 379 381 520 556 614 660 776 862 
93 165 190 202 206 223 337 387 484 497 510 512 722 763 778 809 832 842 855 880 952 997 
22 33 43 97 111 182 186 236 261 282 305 321 536 630 641 665 702 716 777 782 799 861 921 942 956 982 997 
121 123 128 131 183 236 259 268 292 353 377 381 386 417 435 486 514 520 530 618 786 803 870 
18 44 263 288 368 407 421 438 507 533 535 579 727 875 934 970 994 
31 63 186 218 261 355 381 466 520 579 601 603 630 632 701 737 784 794 862 911 998 
10 62 76 94 99 114 117 128 185 214 279 300 338 382 436 443 460 488 574 602 621 666 674 707 716 718 757 785 830 973 
17 59 91 99 137 138 341 418 507 510 528 588 680 684 708 709 715 778 785 800 844 897 932 949 963 
8 118 187 207 244 317 354 358 372 509 518 540 680 860 886 908 955 
46 121 152 155 172 198 202 224 226 233 259 280 286 295 306 329 337 351 367 381 464 587 601 676 837 991 
84 113 144 224 233 235 288 317 329 347 422 446 522 554 596 654 667 766 901 971 972 987 
169 305 420 474 479 489 594 628 701 842 908 
63 119 209 319 330 383 452 584 604 756 900 905 939 946 
72 75 90 150 185 194 262 284 496 516 529 596 620 881 898 983 984 
54 66 68 193 247 259 273 275 308 357 390 451 572 580 622 670 773 846 874 959 
85 108 116 166 238 333 354 423 450 452 928 971 974 
8 142 163 252 275 292 399 465 503 545 614 636 664 715 727 775 817 925 985 
19 64 84 171 189 218 351 355 413 513 551 570 590 603 640 691 758 813 814 841 843 872 908 923 967 998 
62 124 125 131 148 243 316 345 348 478 479 508 517 518 625 629 709 720 839 850 896 901 921 
43 57 91 123 134 140 152 183 377 395 471 689 733 796 851 852 860 878 880 905 917 922 980 985 993 
2 164 234 243 251 367 411 455 492 533 543 560 566 585 654 772 822 833 835 929 954 
14 147 210 217 294 320 377 462 482 504 675 740 820 837 842 845 847 934 974 
35 44 106 139 204 221 411 443 444 448 481 495 588 602 669 674 907 915 931 
13 66 73 119 133 150 179 209 278 286 314 350 375 406 425 443 509 527 549 607 614 635 690 725 737 738 813 827 833 852 902 926 936 956 
18 26 54 92 112 169 196 198 317 385 587 590 679 687 775 783 941 995 
17 68 91 128 144 170 233 282 294 308 310 317 324 405 458 495 504 512 618 763 782 877 880 887 
5 39 55 123 130 137 154 162 235 312 332 337 365 380 481 522 630 636 674 709 756 847 942 992 
26 44 64 144 149 224 328 345 395 440 489 495 613 624 632 660 739 783 804 863 
3 43 46 69 71 82 185 198 268 418 486 533 697 707 714 757 760 773 922 937 
110 129 156 159 160 163 235 287 342 378 443 488 511 573 577 673 693 698 737 769 816 879 882 993 994 
55 83 101 207 219 383 394 418 488 502 510 512 634 650 711 725 753 796 812 827 953 956 965 
28 63 101 117 168 232 257 403 435 483 509 576 611 709 722 825 909 
7 12 63 100 229 238 245 272 274 280 346 372 387 408 545 546 635 688 695 
174 253 267 297 414 495 522 551 563 601 739 760 794 803 828 889 
129 349 389 465 524 528 536 617 711 736 821 868 888 
2 100 101 176 302 359 373 383 410 412 807 843 858 909 918 950 970 
33 98 120 158 303 308 337 361 373 464 591 611 709 733 805 893 896 903 
72 101 136 227 276 327 361 408 622 682 700 703 713 723 739 741 752 770 819 863 879 
0 51 260 264 273 301 466 496 551 629 673 779 783 845 901 931 997 
14 18 66 86 90 104 138 176 223 262 301 314 340 396 448 606 609 674 714 737 782 838 866 911 936 958 
3 73 116 277 375 397 520 533 579 622 692 732 766 828 
29 40 178 180 209 216 283 284 387 409 448 469 510 517 633 683 710 755 778 924 983 998 
50 158 169 335 369 433 519 538 667 686 740 760 872 924 949 957 
11 86 144 166 233 248 269 273 326 374 703 745 826 831 835 918 954 964 
6 70 124 237 326 331 336 345 365 372 497 538 555 625 711 713 791 795 798 857 884 886 944 976 
8 30 95 108 126 166 203 204 287 289 563 627 673 688 737 768 807 910 940 992 
51 57 66 145 155 199 257 359 429 595 616 673 683 791 796 841 880 929 941 998 
175 213 248 351 372 410 688 717 763 768 941 961 966 
19 118 237 268 304 317 345 408 429 430 583 614 618 661 693 697 701 706 798 899 
7 58 67 122 146 153 200 201 224 317 329 438 442 459 464 673 674 805 821 926 985 990 
110 187 397 473 582 587 650 657 687 882 938 982 
37 45 215 247 248 267 367 371 405 446 459 488 545 582 585 591 613 615 650 667 680 701 704 782 785 845 868 913 970 992 993 
3 4 86 124 165 309 340 403 697 794 834 838 914 967 972 975 989 996 
94 102 308 358 373 463 481 528 545 569 728 743 857 876 893 
61 170 317 443 545 605 774 890 
204 214 223 263 287 311 358 362 404 435 544 601 674 686 691 697 723 784 858 
13 66 85 98 100 147 284 305 369 573 584 591 624 639 652 663 700 728 730 766 791 878 991 994 
94 138 166 213 222 245 255 266 291 309 350 372 381 541 552 649 692 706 742 812 860 892 929 
12 43 87 111 124 132 291 441 490 503 506 510 594 686 697 929 981 
8 10 23 131 200 277 423 427 428 506 538 549 717 722 731 788 857 892 919 994 
8 41 69 276 469 515 547 575 618 631 683 692 715 728 793 796 808 864 866 885 930 942 954 
0 149 166 259 286 305 382 427 450 456 477 491 531 570 571 595 619 626 694 739 740 916 957 959 999 
20 32 68 73 101 191 207 231 252 253 312 313 349 382 399 559 582 706 727 779 857 880 955 983 
101 119 122 130 166 213 256 282 414 440 446 454 526 533 574 590 607 621 639 827 890 944 
5 76 101 165 189 279 288 305 307 432 444 452 467 532 559 585 661 790 807 817 821 884 
127 133 238 266 382 383 418 453 465 481 534 538 650 667 718 796 808 829 854 867 
22 76 123 138 186 200 244 307 340 359 381 454 476 503 517 580 610 719 800 997 
29 77 88 131 183 203 277 347 445 448 503 529 573 665 706 823 906 975 
13 171 205 281 332 342 422 485 490 503 523 630 689 812 843 954 
71 75 169 202 227 232 251 284 332 414 470 471 496 508 527 560 607 660 829 886 945 955 981 990 
8 28 69 70 121 134 139 188 334 339 345 358 499 537 581 612 645 719 891 971 
26 38 154 249 303 330 467 587 613 664 672 710 769 809 928 933 
27 100 119 127 139 184 227 419 454 458 628 756 758 805 853 870 
91 165 176 261 369 386 478 546 601 616 696 710 735 778 905 972 
20 121 205 231 337 402 407 507 525 622 649 651 670 777 784 804 831 882 983 
111 125 165 236 247 258 273 275 319 402 533 603 652 658 671 708 826 829 842 850 851 890 923 
131 142 230 250 306 326 359 360 397 416 516 517 549 567 636 640 731 752 776 796 821 857 888 963 994 995 999 
62 107 209 244 294 319 332 334 337 433 476 534 704 715 737 755 767 854 932 976 
5 105 124 168 190 195 324 387 430 434 480 543 564 614 641 643 708 718 772 788 844 881 957 968 
72 120 137 228 259 419 420 451 522 575 582 595 640 706 922 928 955 957 964 965 983 
38 118 139 156 180 237 320 343 361 364 393 425 429 430 456 467 482 484 494 518 616 702 776 910 949 956 965 968 977 
97 128 166 202 217 240 269 357 439 526 533 640 680 692 701 717 938 
144 222 344 354 391 471 482 483 493 512 548 552 574 576 636 847 850 889 962 
0 91 148 166 203 216 250 285 321 347 384 412 486 633 668 693 696 758 769 805 843 
32 34 176 220 231 237 301 333 356 428 465 485 629 653 758 823 961 992 
7 60 104 202 224 225 256 321 343 346 377 494 526 581 664 683 714 757 
176 196 207 270 274 323 327 389 405 471 499 560 659 785 814 815 902 
2 31 113 116 152 186 200 243 342 382 456 498 503 525 584 618 630 637 721 749 756 771 787 846 849 891 916 994 
83 138 139 141 214 267 331 344 378 422 521 532 568 645 724 784 837 853 906 922 983 
103 108 255 286 333 342 344 372 416 463 478 526 533 599 678 813 903 960 
104 107 193 208 304 340 361 382 448 518 589 705 749 832 840 874 965 
53 162 259 284 370 422 434 682 721 730 741 763 839 862 866 887 919 928 933 980 985 987 
89 99 192 376 477 525 528 542 550 552 572 591 687 729 730 781 801 816 829 884 885 927 
11 20 25 112 161 282 295 321 496 544 548 614 627 733 759 819 907 910 937 952 968 985 996 
21 31 52 79 81 102 198 203 253 276 277 329 788 808 843 905 934 953 961 980 
64 74 182 193 313 398 416 418 452 525 556 662 815 826 835 
117 130 218 223 254 298 564 569 599 620 634 644 713 730 741 752 756 788 828 863 935 
207 263 281 283 333 357 498 534 647 661 725 732 756 804 816 897 945 966 
89 119 159 218 264 283 361 430 442 461 482 551 609 726 781 863 930 997 
22 46 290 386 500 525 532 587 591 678 691 697 734 864 946 963 
3 188 227 353 374 435 467 510 549 602 664 764 766 823 857 911 925 
23 49 77 92 188 194 213 231 266 345 437 444 536 647 723 754 757 858 902 945 
0 69 201 207 253 377 420 460 562 700 777 806 
111 145 146 213 338 362 398 406 447 475 534 584 587 683 821 836 903 957 
11 64 106 167 350 361 470 486 517 558 582 657 736 775 810 883 894 912 
178 228 388 429 463 594 598 648 697 714 810 958 979 
37 86 147 275 381 395 546 560 700 714 776 804 875 881 919 
30 58 91 129 225 255 306 311 374 443 454 603 682 705 728 782 902 939 
21 25 65 74 117 138 180 236 270 529 535 557 587 665 710 785 976 
3 5 58 90 111 114 130 288 327 428 431 463 468 475 547 612 632 681 912 913 918 982 
101 148 265 275 364 401 433 457 499 508 512 565 581 627 671 733 774 814 853 869 937 
0 105 106 114 153 159 174 203 242 243 262 266 276 282 290 322 476 511 519 530 565 635 693 755 829 873 899 923 
38 46 73 90 219 355 446 535 538 539 590 704 735 816 866 887 901 913 976 
25 88 123 211 225 263 284 307 344 349 364 606 620 680 773 855 881 907 940 954 993 
3 157 158 176 216 227 288 319 343 355 466 516 539 582 676 786 859 874 953 965 
158 164 218 249 297 402 421 432 489 610 616 661 670 780 796 804 905 962 975 979 994 
90 108 113 132 135 204 236 445 462 473 581 597 620 745 834 869 961 973 
30 84 112 147 150 151 154 232 241 246 366 392 444 448 458 477 644 680 694 747 841 843 850 855 
23 126 227 273 280 281 328 415 460 706 721 762 771 844 884 
2 106 134 186 190 203 254 261 379 432 442 457 459 647 683 690 836 892 903 985 989 
23 24 63 134 202 234 254 302 316 342 347 372 384 398 435 499 592 622 682 695 778 865 904 917 987 995 
82 105 113 120 173 204 279 500 506 546 593 628 666 695 723 784 797 800 808 854 872 894 901 912 964 980 981 
37 71 118 196 265 435 443 471 527 535 583 589 672 683 687 812 841 976 994 
39 51 75 221 223 236 319 371 406 513 523 567 772 775 839 878 936 999 
44 105 119 259 294 308 324 356 387 404 447 473 532 592 600 601 605 609 617 631 657 677 718 774 797 820 838 977 
162 163 186 214 327 343 399 465 473 530 547 652 762 779 855 864 918 997 
4 27 36 140 146 207 212 249 322 401 407 427 443 544 580 627 694 802 890 
112 137 138 140 266 268 368 429 547 655 657 685 738 800 837 849 
36 46 83 87 151 544 547 568 586 603 626 661 805 847 980 
23 85 208 217 225 237 288 338 590 647 657 809 894 930 951 952 
143 147 242 316 318 330 338 355 430 459 512 595 627 649 683 697 828 832 868 869 906 914 926 977 
13 60 72 97 109 159 165 200 218 222 431 470 558 577 617 676 724 802 886 891 907 925 987 997 
37 179 190 220 237 262 312 330 375 384 403 512 547 640 661 699 820 874 
17 107 185 197 222 227 229 239 263 271 323 353 356 383 385 398 413 439 442 524 531 536 587 589 642 751 959 964 
29 33 52 162 170 179 252 315 322 328 338 386 407 544 598 742 746 780 784 794 796 869 922 938 960 998 
23 61 68 90 157 196 197 248 332 492 616 642 655 661 711 932 
5 27 37 39 42 52 88 122 138 155 160 166 178 231 265 320 336 404 421 477 499 569 585 634 764 769 812 828 871 892 893 957 964 970 
69 121 136 219 312 558 565 596 600 701 757 803 853 861 865 873 902 
73 244 310 318 334 363 414 565 739 817 883 891 912 940 980 
1 10 61 81 134 137 176 275 290 326 420 463 508 578 579 680 746 793 893 906 931 982 
188 234 247 266 290 355 361 369 445 446 472 525 959 969 
12 13 144 152 335 383 430 463 507 614 764 796 849 986 
7 40 199 208 256 260 293 296 341 436 522 539 546 553 721 728 764 773 852 928 972 
11 22 97 122 166 207 227 240 334 346 353 363 379 381 389 405 485 554 561 643 671 717 746 753 869 871 908 921 963 980 983 
34 283 339 357 462 493 554 641 647 736 826 855 858 915 916 923 
4 15 22 56 72 76 92 116 214 392 411 417 455 511 548 550 729 791 830 869 884 948 
27 150 274 321 392 491 508 555 574 577 622 713 729 862 909 911 
91 317 329 427 439 484 592 621 622 700 775 901 906 956 985 
95 100 134 225 297 311 340 384 395 467 471 472 500 514 524 657 670 680 863 954 957 958 
11 96 116 184 222 278 294 350 380 415 482 490 545 558 593 613 652 722 765 831 849 889 891 897 968 985 
0 32 64 80 100 126 151 165 262 263 268 382 436 485 521 571 616 752 762 797 823 837 919 971 992 
38 76 86 173 532 623 696 773 802 842 893 906 986 
22 110 180 290 340 402 416 461 536 559 611 671 673 690 741 765 834 857 897 960 969 
35 63 197 289 292 300 312 358 459 504 575 655 658 733 781 841 853 902 908 914 970 991 
33 144 214 332 429 448 587 615 640 658 705 743 763 935 962 
84 89 128 155 157 171 217 239 259 591 617 618 798 843 851 856 927 951 977 
8 84 110 132 233 279 284 344 371 373 535 729 752 772 816 942 983 
31 112 154 240 251 273 356 382 433 473 491 583 633 726 756 757 797 879 928 955 957 
90 98 122 299 325 350 370 377 397 407 471 514 532 571 654 717 778 793 853 898 939 946 978 
12 119 132 209 249 261 268 283 327 351 461 494 591 611 626 728 781 789 796 825 857 858 995 
17 66 84 104 182 215 266 274 322 435 534 542 592 600 624 648 683 781 797 812 818 847 870 896 933 980 
47 73 92 105 128 254 294 375 427 568 588 634 653 756 784 905 950 957 
2 35 126 128 152 154 192 210 258 398 457 538 542 662 668 678 781 838 905 
13 20 51 74 301 354 415 454 470 474 498 520 609 623 628 636 638 676 682 686 691 999 
6 16 77 78 104 122 195 211 221 252 322 334 347 364 369 494 534 580 613 626 697 702 733 753 840 855 865 964 989 
38 66 99 107 111 130 137 139 155 210 235 290 297 298 358 449 454 496 676 757 760 882 910 916 942 956 988 
11 124 158 163 170 236 331 342 373 569 592 612 862 881 888 922 936 
543 547 579 595 601 606 616 626 628 709 857 
46 140 180 209 219 250 267 460 474 665 707 792 843 945 
174 208 223 301 313 328 444 461 467 482 492 516 632 665 832 865 876 
50 72 108 134 140 145 247 307 411 430 467 639 713 752 760 826 834 903 927 963 992 
37 90 159 188 189 284 305 332 448 474 532 626 677 775 830 
20 27 118 129 181 203 274 311 321 420 428 471 478 494 515 533 562 662 755 860 891 895 926 930 979 988 992 
13 14 40 149 276 342 347 358 410 419 521 537 547 549 562 587 645 797 799 803 846 883 930 936 
4 89 97 138 203 262 323 381 402 438 445 593 747 967 
19 76 198 281 290 368 374 477 573 597 829 873 877 905 926 989 
6 17 24 138 174 327 357 428 446 537 570 592 650 676 679 684 696 784 806 849 885 905 931 
17 103 189 232 247 371 424 468 477 496 520 533 536 537 699 724 731 750 783 820 914 
95 109 141 155 264 370 381 474 604 633 657 703 792 933 965 986 993 
2 221 312 387 438 513 532 567 664 692 738 778 809 827 898 941 952 
35 85 86 165 225 240 263 332 372 425 470 489 597 619 689 693 716 778 780 851 864 
1 64 131 140 213 246 288 297 379 428 429 458 541 570 584 628 685 788 796 855 989 
174 348 420 425 501 605 609 669 747 770 807 827 841 860 
35 105 116 180 212 235 275 280 348 477 478 487 532 549 558 612 615 825 833 866 876 887 929 
59 81 182 198 212 321 325 371 500 561 587 668 693 725 742 801 957 
41 79 101 142 378 394 397 400 427 429 552 583 608 647 652 742 757 847 949 969 
69 81 120 145 162 171 177 313 331 450 474 507 531 563 730 747 751 768 778 851 918 990 999 
84 89 160 167 179 202 216 290 291 342 401 413 440 442 474 560 615 630 674 753 778 919 924 
67 191 285 299 340 341 345 453 457 525 594 669 744 762 767 831 871 891 997 
92 114 142 164 273 274 309 484 546 651 664 768 806 874 942 
80 93 108 130 225 267 288 306 376 414 461 564 682 702 728 745 816 871 
8 59 65 110 207 234 256 259 260 296 416 484 505 612 620 625 679 683 690 732 736 796 830 876 924 943 948 
152 272 396 461 552 582 649 707 719 785 827 845 890 895 900 947 954 
186 193 227 273 342 364 412 421 552 585 685 722 838 876 985 988 
44 141 162 214 283 359 493 535 653 664 803 804 851 881 997 
81 84 116 275 311 330 377 508 566 591 666 737 751 763 764 787 803 806 842 996 
12 88 113 114 119 227 335 445 457 631 708 717 837 853 952 969 
124 171 205 239 458 510 589 609 669 731 797 997 
66 108 204 220 238 249 348 360 574 591 629 685 699 730 972 
13 192 221 277 334 369 413 440 446 450 517 601 613 783 796 874 884 922 
27 30 36 37 67 74 123 142 237 285 286 322 446 548 603 699 703 715 821 830 893 894 920 941 961 994 
12 42 59 150 258 270 332 342 402 430 453 503 733 765 800 863 864 901 958 991 
8 26 54 62 87 88 431 443 444 464 480 668 735 738 846 900 918 969 976 986 
28 114 152 167 335 367 534 535 606 641 663 709 837 946 999 
17 68 330 419 432 447 470 502 588 643 703 747 791 802 804 842 845 888 897 939 999 
16 36 62 93 131 132 135 308 412 430 448 536 578 595 618 631 638 850 880 928 
22 148 164 166 180 194 252 294 364 377 412 594 621 637 649 674 766 871 928 969 
110 146 152 206 262 293 425 479 540 552 654 660 686 697 821 861 901 
90 165 210 249 305 318 344 417 576 608 641 686 688 709 746 782 861 885 982 
154 220 223 527 658 669 850 884 896 
42 49 58 175 188 241 336 451 460 464 521 531 536 543 571 788 871 878 879 959 960 970 
18 113 202 251 272 347 387 483 488 611 693 723 809 867 994 
50 105 229 343 441 456 567 720 724 742 782 866 918 958 979 
28 99 123 249 261 289 306 314 325 335 336 337 390 424 471 491 552 560 592 661 728 750 763 789 826 890 928 955 963 966 978 994 
46 102 141 193 197 330 354 386 408 488 506 519 552 596 729 778 842 944 991 
9 137 197 248 333 399 400 444 465 469 494 552 688 693 746 860 
25 27 48 86 123 161 289 362 363 409 434 435 437 536 554 580 643 722 773 806 891 907 
125 232 242 257 281 296 299 305 433 528 551 554 556 665 683 736 774 855 927 950 982 
64 79 165 231 267 415 418 428 436 478 505 586 605 662 692 736 752 783 793 798 853 940 946 974 987 
89 117 138 178 318 346 421 440 471 515 533 597 610 691 724 780 787 842 910 
16 97 256 274 388 407 446 489 494 536 548 585 598 713 832 834 886 916 
29 53 97 119 167 399 405 432 434 494 528 542 588 652 673 705 777 781 800 807 844 
24 131 142 290 356 370 380 393 468 559 564 604 663 789 808 828 837 901 958 965 994 
8 18 51 108 183 184 292 302 359 379 434 442 460 462 591 648 656 724 867 
95 243 278 300 322 353 368 418 420 504 505 537 616 678 721 738 772 831 878 910 924 940 952 960 
10 56 60 101 150 172 183 198 202 246 321 346 379 415 545 551 564 600 660 667 671 686 708 798 826 880 967 971 990 
65 79 97 121 208 294 359 406 436 446 496 511 539 555 603 606 612 620 774 830 850 944 993 
30 116 134 148 203 231 247 322 417 438 566 571 593 618 647 721 772 879 936 965 
14 48 57 64 65 222 252 281 358 390 426 497 552 555 629 659 670 671 690 698 712 715 717 723 725 773 789 816 818 852 911 997 
30 77 131 166 171 187 218 222 282 339 445 494 545 655 668 716 722 817 998 
40 135 182 307 388 444 475 492 516 558 562 613 645 657 683 699 735 780 918 992 
4 27 63 83 90 118 126 334 346 438 449 513 613 710 715 753 821 914 935 954 980 991 995 996 
11 14 22 89 106 162 164 231 270 280 294 383 428 451 478 498 509 643 692 693 729 735 784 938 939 
52 81 166 189 210 278 348 416 430 432 447 645 712 738 917 923 927 
9 13 53 57 58 149 184 253 379 436 437 565 579 651 654 711 717 725 803 804 858 889 973 974 989 
39 44 58 72 85 160 225 256 386 408 409 423 456 653 660 699 813 839 863 897 905 937 970 995 
58 183 197 198 299 351 395 397 600 628 701 724 761 799 869 876 910 968 
84 192 205 212 226 243 282 289 293 358 367 493 501 519 524 531 577 628 812 891 938 998 
88 117 252 305 340 369 560 630 676 682 776 868 895 988 
53 56 91 155 322 398 470 493 514 620 624 662 671 715 724 740 771 826 853 855 876 883 901 904 950 997 
133 162 202 265 324 387 405 544 565 568 605 688 728 789 791 795 822 894 937 967 992 
28 66 67 254 319 327 342 352 482 591 633 661 779 785 792 806 863 
90 167 240 251 489 506 555 568 706 707 790 815 863 873 874 877 882 914 915 
25 92 104 250 391 495 498 513 541 554 665 697 728 786 803 972 
8 194 363 378 450 512 557 573 599 637 684 806 843 852 856 862 879 888 890 891 953 959 979 981 998 
20 93 109 120 127 135 158 159 189 192 197 256 277 340 428 533 557 576 604 703 744 873 890 915 931 941 943 
50 91 100 200 268 333 335 432 449 477 508 543 572 591 595 647 660 822 
0 49 85 165 209 252 287 340 401 441 494 528 535 582 608 684 700 720 725 742 798 846 871 896 898 
0 22 155 200 201 204 247 356 423 458 563 610 638 642 691 743 755 838 863 995 
132 147 157 349 375 447 475 555 646 669 711 751 769 805 825 868 884 899 
8 41 94 106 195 214 301 384 475 502 509 564 781 884 922 
10 34 46 106 145 182 195 262 276 278 285 311 363 482 521 607 653 675 741 785 832 833 878 903 907 960 
1 60 94 117 220 259 286 288 386 434 483 489 493 499 640 687 788 789 861 895 982 988 
35 42 73 84 146 164 207 349 388 434 540 736 774 782 845 881 938 950 
79 124 162 202 236 307 398 512 513 615 722 741 766 829 839 900 
7 62 117 160 167 178 268 277 382 406 460 462 493 519 523 554 620 861 999 
103 150 206 260 265 385 524 547 561 577 583 587 591 605 683 697 701 716 746 812 959 979 981 
15 89 143 145 166 212 250 406 416 478 688 737 753 835 930 986 998 
23 34 63 129 415 416 425 428 500 665 775 840 850 913 914 919 976 991 
71 93 107 263 268 273 279 304 332 364 392 515 532 709 784 957 958 963 991 
9 152 155 199 204 258 261 273 335 448 507 537 558 586 596 610 654 689 726 828 832 897 900 963 
136 149 309 396 399 496 520 600 605 618 681 756 895 912 934 
12 58 150 169 183 196 217 235 267 366 414 451 520 552 674 881 893 904 974 
101 195 254 276 282 313 384 396 464 513 682 707 713 720 724 758 776 816 906 952 
91 136 141 144 282 330 476 486 500 537 541 581 599 641 660 838 879 923 940 
7 18 75 81 90 107 109 116 151 184 270 365 380 405 426 444 581 642 706 751 797 843 868 908 935 966 
74 75 79 81 193 240 255 301 424 449 584 604 624 859 861 880 910 926 994 
41 79 163 274 306 314 374 456 575 587 594 662 697 744 763 849 871 951 983 
6 27 58 59 138 166 169 174 256 368 408 656 903 909 919 966 967 
105 135 136 154 203 212 455 532 546 563 717 723 747 789 888 923 930 938 
25 37 114 166 170 194 198 218 265 277 282 313 332 527 651 664 698 719 734 871 906 917 930 958 972 991 
9 78 132 184 394 429 439 523 559 720 814 855 945 969 
22 62 72 111 112 185 288 311 612 618 644 651 723 735 743 792 937 
80 127 142 182 201 306 321 338 365 479 494 506 563 569 702 774 782 794 910 957 996 
55 61 96 134 168 192 209 214 324 332 347 378 405 413 506 668 747 963 
84 132 414 420 431 497 541 564 588 621 680 748 755 759 847 858 938 988 
23 79 162 260 366 388 491 610 659 690 729 733 923 924 943 998 
31 53 193 233 273 363 364 373 474 484 487 621 642 668 686 761 776 797 845 917 991 
20 59 105 137 188 206 241 304 374 378 428 505 531 682 771 899 
79 174 179 277 378 496 512 536 563 565 625 694 703 768 834 859 
5 64 90 139 177 373 394 521 743 788 954 
48 117 155 158 159 164 232 264 362 461 487 507 513 515 606 650 708 751 800 843 
34 46 135 173 200 202 240 260 313 367 401 471 490 510 656 771 838 854 873 878 899 901 957 
131 142 196 317 379 476 550 559 630 652 721 
59 103 122 272 379 386 416 440 442 503 534 537 565 747 860 888 893 896 905 977 987 
53 71 125 128 183 229 241 285 289 354 478 509 666 681 710 748 788 868 961 
56 66 116 145 160 212 258 318 348 406 462 483 581 735 765 788 949 986 
87 134 139 147 205 324 418 458 480 684 700 718 857 940 981 
22 73 96 119 138 280 283 310 312 322 328 341 420 479 526 540 567 569 675 690 758 764 851 858 898 965 
12 26 59 229 279 297 339 342 355 395 429 452 461 526 558 639 658 705 753 793 798 840 946 
1 96 300 357 377 387 411 423 432 441 442 456 551 615 633 650 655 686 737 774 863 888 889 891 914 
42 48 104 193 267 306 363 370 374 402 478 539 559 577 726 804 831 833 885 949 
35 77 83 232 276 295 359 393 489 631 671 785 787 817 821 849 872 897 979 
18 56 67 71 87 99 125 139 158 234 275 295 304 332 341 392 442 464 538 542 578 681 685 730 758 819 
67 232 327 359 381 484 509 515 586 648 783 816 822 886 946 952 
162 257 306 362 405 494 504 751 790 935 944 945 968 969 
33 194 225 245 363 417 450 466 491 546 617 644 744 763 855 893 937 968 970 
20 52 53 192 240 259 290 397 409 419 505 506 587 590 622 682 709 711 735 737 771 828 888 927 942 955 993 
120 140 143 222 256 278 365 371 391 393 477 488 543 583 669 717 754 824 842 878 978 
67 111 112 121 123 124 146 155 161 165 169 210 232 351 361 369 400 413 429 567 632 641 687 699 724 755 780 852 856 955 979 
151 172 234 249 256 275 340 353 365 389 408 510 616 677 747 811 878 
38 130 284 346 394 692 709 733 736 742 749 759 821 836 859 965 
38 166 198 209 222 257 289 348 382 433 650 689 700 710 716 926 968 
64 124 176 310 331 428 454 472 715 729 780 786 792 805 807 942 957 
32 135 384 417 432 516 531 584 659 676 687 691 772 829 899 904 964 973 
1 85 101 117 175 213 257 269 288 347 497 533 684 687 739 775 830 847 881 977 
52 73 74 131 141 203 298 325 327 505 564 576 980 
42 49 117 127 131 236 321 407 429 436 575 686 718 740 767 804 808 819 836 848 947 979 986 
246 314 323 341 355 374 482 586 595 621 624 640 704 735 747 801 845 871 906 913 952 
87 127 148 219 242 293 309 430 434 450 461 494 500 512 558 586 594 628 644 671 690 693 700 819 881 932 992 
84 87 226 275 376 383 402 404 413 422 508 552 592 597 608 644 666 671 688 702 726 729 870 980 993 
13 47 48 64 115 124 138 164 206 220 227 245 270 309 330 337 346 413 422 540 543 547 548 572 635 658 661 662 675 697 723 736 745 786 823 891 
56 166 194 200 207 235 302 399 407 414 440 485 664 698 906 969 988 996 
131 224 320 420 447 586 670 705 728 845 849 925 933 
9 24 30 85 115 131 183 197 205 229 234 282 304 322 415 421 429 506 527 530 538 574 592 627 689 706 707 736 818 821 850 851 888 893 943 972 984 
10 16 122 129 224 355 419 424 427 457 479 494 595 653 656 699 719 747 770 795 860 881 885 895 957 987 989 
12 52 74 114 210 240 287 289 295 298 307 358 370 435 497 546 615 663 690 770 872 906 999 
0 44 60 102 134 159 332 375 427 462 527 530 545 646 722 747 810 815 859 866 873 886 938 
7 26 62 65 120 132 179 196 299 401 406 451 485 502 584 626 635 645 656 686 717 718 823 856 955 
26 52 119 209 362 403 422 522 570 637 659 684 689 709 733 934 959 974 
70 121 149 188 231 254 290 326 346 375 406 422 431 438 492 502 634 637 702 733 853 921 933 
28 219 307 440 441 496 506 577 619 775 803 854 926 953 
6 56 65 97 108 135 142 153 159 194 222 229 342 374 388 399 477 558 612 637 663 729 745 880 
12 51 90 203 219 225 235 240 292 302 335 343 384 405 487 518 521 539 641 823 923 951 970 986 
51 137 292 494 533 573 663 733 769 799 822 
22 39 49 103 135 149 152 237 289 304 333 433 485 578 639 671 691 735 743 876 894 902 906 911 
29 98 187 243 362 504 515 536 552 601 619 636 639 650 770 776 789 801 927 930 965 983 
0 4 12 104 190 228 355 433 483 552 556 628 634 702 836 838 925 940 977 984 987 
0 50 51 279 302 347 403 455 473 481 482 577 733 822 840 881 917 978 
0 15 21 37 103 127 141 215 524 542 603 639 723 777 803 822 850 895 
1 50 86 105 107 155 208 358 468 493 523 575 596 634 707 735 763 770 885 888 950 
4 10 22 55 95 217 226 338 358 373 401 439 472 590 677 757 765 849 896 980 
23 64 71 87 98 165 186 344 357 481 495 515 605 668 688 705 784 834 941 
0 24 124 139 144 150 171 177 216 217 317 353 531 586 603 651 705 782 837 888 905 941 966 974 977 
15 104 121 130 132 158 161 170 196 275 401 585 587 616 642 671 681 713 877 940 983 991 
46 136 154 245 250 258 291 366 384 404 435 485 488 647 695 755 881 891 893 977 991 
67 73 169 170 184 186 293 388 390 497 498 555 608 614 632 682 724 753 769 776 802 838 890 913 945 949 
82 112 156 188 197 310 333 340 350 371 552 594 664 669 696 697 787 788 855 975 
24 135 251 260 291 349 367 457 485 488 508 532 574 628 701 715 728 764 776 881 954 973 985 995 
24 26 46 151 230 249 274 319 409 545 559 594 700 710 951 
11 23 74 85 372 373 395 467 567 587 640 753 808 818 829 850 939 950 
43 100 104 140 165 215 298 313 379 471 503 582 613 614 675 691 798 882 907 910 945 993 
10 39 46 48 50 103 125 165 384 395 396 503 537 542 570 633 655 714 720 735 770 791 831 870 890 913 958 
28 190 191 205 217 253 273 312 452 545 556 563 650 802 826 834 976 
11 27 43 44 115 182 243 285 365 372 463 493 536 561 588 596 649 715 828 951 
0 6 131 209 264 387 525 554 558 603 644 680 706 804 871 910 953 977 
91 116 266 584 617 635 666 855 942 962 
3 26 36 412 437 482 492 495 508 539 548 589 752 772 784 792 863 931 994 
68 134 201 235 239 311 529 555 592 634 736 802 827 976 993 
3 144 216 250 437 468 478 506 512 520 535 559 684 728 757 841 925 939 979 990 
42 64 190 317 332 365 372 467 547 658 707 726 750 802 829 831 833 952 
93 105 113 142 147 174 176 187 204 220 243 262 370 389 437 443 459 498 549 744 829 914 922 930 959 
50 71 111 120 124 152 162 214 266 282 416 433 443 471 570 632 691 694 744 763 776 812 823 905 916 930 948 955 961 995 
128 149 152 425 432 565 642 674 701 703 837 910 
45 90 204 217 279 383 388 467 659 699 777 796 920 979 
1 6 135 141 231 245 253 265 330 512 521 563 701 740 750 813 873 889 916 963 971 
7 62 79 94 143 263 268 289 292 295 335 358 408 424 428 462 497 541 552 557 608 615 628 638 662 698 757 770 841 938 953 959 
114 181 201 223 246 262 319 361 437 455 564 566 589 594 757 813 834 910 934 937 
80 93 346 573 649 702 703 706 806 809 840 855 898 910 916 974 984 
124 175 320 321 404 460 535 564 579 667 790 867 889 891 903 
12 35 44 72 128 167 263 283 357 417 430 517 533 567 601 614 669 731 789 987 992 997 
2 288 370 480 605 616 663 674 680 726 745 754 886 892 985 
117 140 251 402 461 496 592 605 632 663 690 692 738 850 883 926 929 958 966 
4 72 142 250 315 444 514 567 599 659 681 755 787 809 823 895 985 993 996 
25 307 335 382 408 544 565 617 642 670 685 716 723 734 896 931 
4 40 50 159 212 220 244 254 347 434 445 542 587 602 648 692 705 867 975 
4 198 227 304 319 348 400 463 717 774 800 856 
17 41 56 89 138 148 151 165 273 289 296 312 325 376 416 424 463 498 517 648 692 769 775 799 816 836 903 917 923 
7 43 95 104 121 125 152 153 169 188 218 263 354 368 424 448 455 540 607 653 729 791 804 807 816 889 969 
1 16 70 74 128 141 188 243 281 293 300 359 364 372 386 574 654 715 759 765 784 854 876 985 
36 56 84 119 218 225 227 232 236 263 397 400 519 565 597 691 692 734 742 747 749 771 863 900 968 
95 100 155 170 238 292 302 320 484 580 589 601 651 687 700 712 716 729 730 814 858 890 932 933 
39 49 166 199 200 238 292 301 417 493 590 680 702 747 750 774 796 800 802 860 863 869 885 921 950 969 
30 98 111 138 270 282 288 352 399 468 669 724 764 976 
46 53 98 121 160 169 176 177 202 204 205 368 374 407 509 572 619 629 645 647 744 766 816 928 977 998 
17 105 152 180 182 194 244 255 278 297 309 310 414 551 609 745 790 883 993 
36 74 115 226 317 366 463 489 492 493 499 532 569 584 585 773 989 
81 214 222 248 311 415 498 520 557 569 607 842 922 979 
14 19 83 111 121 391 540 555 573 590 620 668 717 747 764 771 817 892 895 927 934 941 
4 85 88 168 225 234 320 393 470 485 513 547 577 598 599 662 823 828 924 986 
103 144 262 422 488 522 630 661 743 755 766 785 855 902 984 
29 68 194 201 243 398 483 517 534 547 567 594 614 635 648 658 801 821 892 956 963 
77 95 111 157 172 189 268 299 322 337 430 453 468 497 501 508 636 736 789 836 837 
118 123 138 219 233 427 580 584 642 799 807 833 847 898 989 991 
130 159 172 188 247 261 305 322 372 373 375 472 519 637 652 679 701 753 826 876 898 899 923 925 950 
53 59 102 115 177 315 344 352 377 555 843 922 
34 70 128 182 239 301 305 318 324 432 473 507 644 685 699 717 767 959 
61 90 191 282 360 513 538 543 582 712 745 887 928 
28 63 77 85 145 227 268 277 349 412 431 460 470 623 677 740 749 816 879 908 951 970 974 998 
116 132 135 164 230 257 259 272 283 291 345 350 359 449 564 605 622 630 664 726 788 844 870 947 953 
85 95 222 333 340 346 358 362 414 537 544 577 611 621 839 
31 100 145 264 293 336 402 484 643 741 769 827 917 943 
26 32 40 132 245 269 279 293 298 305 391 399 424 426 445 559 659 710 774 790 805 806 890 892 923 
0 176 180 287 342 442 457 500 520 530 548 568 589 638 655 657 713 749 813 898 976 
214 286 452 467 485 534 547 652 723 767 819 829 929 
24 83 98 129 133 216 250 261 266 351 355 378 411 515 597 651 659 669 763 799 828 843 917 929 962 
42 83 103 176 289 308 365 402 438 517 685 815 964 
15 48 104 105 151 207 270 282 339 344 354 423 445 499 554 620 711 722 760 913 947 969 
8 30 66 71 129 162 167 222 283 359 390 487 546 547 551 617 678 891 919 937 
2 17 23 81 133 177 180 214 256 333 366 381 399 412 428 540 573 649 696 762 775 786 796 812 842 851 876 912 922 939 
48 58 156 168 176 202 239 304 368 369 372 385 391 406 437 475 544 548 575 623 644 652 677 682 731 735 748 815 849 894 994 
17 83 155 213 233 266 289 302 375 391 480 651 677 710 771 827 833 855 930 936 947 
56 58 103 126 185 202 227 258 271 288 342 375 404 426 470 546 580 596 641 697 699 714 777 872 915 993 
53 54 106 121 194 209 247 252 258 270 323 330 379 413 447 450 452 473 608 676 698 746 751 767 
22 69 106 176 261 326 374 384 414 464 468 510 602 657 705 711 864 868 870 923 
38 77 111 119 135 171 187 192 294 392 409 425 431 527 603 683 733 745 794 832 902 993 
48 52 179 186 249 354 373 402 512 581 598 617 660 691 741 804 827 829 909 943 979 
74 121 225 278 340 343 373 388 408 485 686 698 785 820 873 957 
10 141 253 312 331 362 394 443 477 616 620 631 733 749 847 928 982 
21 123 177 265 280 318 367 514 553 632 678 688 782 854 855 924 971 
41 152 233 235 244 364 539 578 695 814 821 896 902 940 
0 32 47 174 317 325 376 385 468 470 517 589 592 632 660 757 837 879 
11 29 165 301 614 767 800 917 946 990 
168 189 200 221 272 282 300 307 371 531 567 593 626 656 740 809 831 897 986 
21 77 220 253 288 290 345 450 490 559 583 590 608 621 732 770 827 933 969 976 
15 78 145 153 306 326 376 500 589 704 732 811 818 827 842 
48 77 87 123 218 321 367 401 427 462 501 645 674 729 759 826 868 869 941 974 982 
39 44 146 148 161 201 267 324 343 356 389 401 501 651 703 774 789 818 834 859 942 
51 123 275 323 328 359 406 440 444 519 610 613 644 860 973 
5 94 105 132 134 163 171 192 216 221 373 481 492 558 588 598 604 628 700 771 845 873 939 
56 127 160 179 197 268 289 402 480 487 560 637 818 829 868 899 949 995 
69 137 148 163 169 283 294 320 353 467 478 507 508 526 562 591 602 666 667 673 758 921 953 
29 34 53 166 183 292 423 465 479 659 684 702 781 800 863 888 930 949 957 966 
90 96 239 303 308 312 404 439 471 502 541 549 559 566 608 688 762 838 882 921 953 964 
26 62 74 291 301 334 390 396 448 534 565 571 629 658 685 687 715 785 799 823 913 
34 41 82 181 248 251 291 333 450 485 492 537 566 671 727 826 834 973 989 
9 31 362 408 425 529 530 536 645 848 877 881 952 997 
15 51 97 134 173 188 251 388 417 437 444 526 549 560 570 711 865 976 
7 59 163 188 193 351 371 544 624 708 789 897 903 971 
9 64 121 167 234 288 301 359 398 413 575 578 699 731 750 773 800 802 946 991 
46 63 97 246 474 584 605 677 766 802 861 929 938 
84 117 235 325 412 417 433 448 455 481 550 698 718 910 923 927 945 966 
144 157 201 339 385 488 505 506 559 606 638 677 682 704 757 841 863 
24 79 154 170 182 184 239 348 372 480 541 677 729 781 812 927 
0 29 32 60 106 122 156 194 242 266 325 404 433 535 629 642 659 681 815 829 892 952 988 999 
94 109 120 122 143 244 300 334 338 434 465 466 471 487 490 509 511 556 573 615 633 653 704 709 804 805 818 
80 101 102 112 137 146 170 178 179 272 396 411 442 459 557 586 593 621 687 736 738 739 745 780 784 801 895 
10 99 119 154 172 281 286 329 398 469 472 492 664 674 872 884 959 990 
4 6 16 72 82 129 130 170 201 209 236 238 320 336 408 418 422 434 445 469 473 713 761 895 962 999 
114 127 153 200 206 257 311 323 336 390 404 443 523 555 571 614 661 756 761 771 887 905 929 940 950 
22 32 127 164 243 262 330 413 479 508 514 673 703 722 723 835 932 
49 52 59 106 158 260 263 324 346 364 385 491 499 502 589 632 791 
56 188 195 445 468 491 508 532 630 723 745 763 792 819 821 939 966 
39 62 188 214 369 453 471 499 566 687 709 766 785 792 794 817 847 965 992 
99 119 301 400 499 524 530 647 728 734 768 779 818 828 894 960 964 992 996 
123 148 169 216 257 258 469 488 512 587 618 631 641 645 655 671 673 710 746 795 903 
70 92 116 156 308 341 443 445 497 512 541 545 557 566 636 758 830 937 939 980 
8 78 105 107 212 236 365 415 505 551 563 581 661 717 781 823 832 921 994 
8 96 223 373 448 501 521 526 596 657 668 700 731 963 989 998 
143 158 197 255 258 345 398 432 530 624 694 802 853 861 889 898 
221 369 468 649 661 706 734 747 893 898 963 
13 23 72 80 89 107 226 236 343 364 370 398 502 541 555 699 726 728 730 777 816 857 929 
77 164 174 183 227 230 238 531 539 562 571 630 691 713 726 886 915 975 989 
85 101 112 123 158 244 300 309 343 474 607 683 732 795 840 889 912 949 956 991 994 
2 55 76 175 203 220 246 278 330 358 390 401 531 591 602 627 645 770 777 778 835 887 908 948 952 968 
0 21 63 141 142 144 175 189 207 222 307 331 444 506 516 528 716 741 875 988 999 
60 94 117 224 365 422 441 492 499 582 590 691 760 773 780 789 803 855 964 998 
83 146 191 212 246 316 320 439 458 789 863 880 903 980 
50 56 149 190 207 212 216 268 696 776 929 
10 37 76 174 259 260 300 387 505 560 628 844 858 923 969 972 
22 45 62 133 179 291 316 348 495 573 598 605 629 641 686 704 763 812 818 846 881 894 998 
12 58 110 114 173 184 213 266 316 388 412 448 475 512 540 579 590 686 690 875 924 
201 229 263 347 355 417 493 677 766 825 
16 81 93 212 219 268 278 295 297 426 435 522 540 649 723 822 876 922 993 
9 44 62 67 94 96 216 279 339 365 451 468 488 501 570 572 645 646 652 669 847 863 925 946 947 969 978 
19 33 37 63 151 222 263 276 279 308 310 418 450 592 642 654 673 762 833 841 893 926 962 979 
41 67 84 122 147 158 327 443 567 688 725 727 773 809 827 845 898 918 952 969 974 997 
1 132 170 287 641 673 716 809 851 940 947 961 998 
89 115 196 203 256 332 372 410 412 419 530 614 626 697 725 794 800 829 862 898 903 968 
21 51 85 123 197 218 323 367 371 382 471 523 581 594 626 673 705 721 848 850 856 871 988 
56 105 114 179 316 390 391 582 617 648 828 834 881 926 942 954 964 
21 167 200 309 331 456 467 704 710 777 826 836 910 936 970 
56 104 131 132 173 191 262 278 284 287 289 315 391 449 619 633 655 710 800 820 846 869 919 983 
124 227 249 337 343 422 468 502 513 702 844 855 884 887 935 
18 31 41 47 66 113 121 124 133 250 351 374 416 418 470 482 562 711 717 793 814 853 871 888 899 914 916 939 996 
85 111 112 149 156 207 291 460 492 585 651 683 687 745 804 814 914 939 965 976 991 993 996 
83 153 281 307 314 315 600 797 824 826 876 968 976 
1 53 61 62 206 222 237 270 276 369 378 494 566 577 663 670 768 858 860 971 983 
31 109 114 228 290 297 326 330 378 447 513 569 573 657 711 722 727 738 741 782 791 935 951 967 991 999 
40 104 206 275 322 330 354 358 379 464 466 467 490 491 493 511 536 539 614 615 637 700 703 711 803 810 914 
0 1 63 123 161 219 309 317 433 443 475 528 552 569 575 634 665 819 876 916 932 958 
57 121 135 156 188 225 226 262 402 422 447 567 648 715 725 761 813 824 903 913 924 949 
60 67 84 92 166 237 268 305 343 447 514 570 617 626 664 832 856 916 990 
6 10 26 78 83 91 152 199 313 324 406 407 614 631 679 727 808 898 912 968 993 
39 66 68 69 108 168 361 371 384 451 455 458 575 659 677 718 734 775 780 789 835 864 912 989 
22 27 68 105 171 224 367 490 498 622 761 778 799 808 822 914 989 
161 199 210 282 366 370 379 402 715 755 803 847 
129 201 206 238 426 443 479 667 678 679 717 771 808 884 942 
98 206 305 373 453 500 527 529 545 586 597 598 661 704 713 866 965 979 
4 119 127 149 202 240 259 314 321 357 380 430 468 478 516 532 535 576 614 678 697 732 834 841 885 943 957 
12 61 85 93 301 374 431 499 509 563 596 684 695 706 737 768 845 906 922 929 939 953 968 
14 40 91 242 316 345 381 390 405 412 451 491 610 612 709 752 776 780 799 817 842 885 915 980 
54 57 120 183 189 248 255 329 395 411 430 541 579 654 724 740 846 894 
30 33 79 141 166 189 229 249 342 386 574 582 584 590 600 654 662 765 839 926 963 981 
29 98 112 117 171 179 223 244 371 384 464 522 641 706 727 746 769 772 807 817 848 861 915 966 
9 42 50 68 70 98 213 274 388 526 531 532 558 595 600 654 
9 107 192 260 289 307 357 384 450 453 486 494 655 759 844 954 
75 85 209 213 397 511 551 636 652 695 752 795 810 886 908 918 931 935 955 963 
48 97 121 147 202 233 236 248 273 352 355 422 528 557 563 566 756 779 840 957 980 992 
17 52 71 90 156 233 260 265 396 410 448 563 630 714 716 745 769 839 926 939 951 953 963 
207 304 358 412 449 474 505 614 693 728 761 789 830 862 863 901 
9 49 50 65 137 307 315 345 369 373 374 434 525 566 630 649 697 714 890 925 996 
25 68 102 215 246 329 346 410 517 555 619 624 629 703 744 787 845 846 847 850 925 942 
26 39 138 197 211 278 379 438 494 546 635 679 719 783 819 831 915 
55 111 133 215 294 306 378 382 392 427 492 532 577 588 632 649 653 720 740 829 923 998 
24 25 38 56 108 187 245 250 270 291 420 474 529 556 559 624 689 713 769 810 812 
60 102 168 190 222 242 304 343 503 548 588 662 685 693 799 803 829 837 973 986 
98 101 107 252 258 304 388 430 487 560 834 872 891 
54 114 115 128 152 161 172 223 250 304 371 512 597 606 617 618 709 775 856 989 
42 46 85 266 398 408 412 433 497 511 562 579 877 976 
20 51 109 297 304 379 459 476 477 558 593 608 827 848 947 975 
6 138 208 220 242 251 350 458 489 502 532 577 585 631 663 741 742 837 858 880 937 953 
18 80 139 180 183 270 285 352 360 453 457 622 732 991 
0 8 96 140 221 296 320 347 349 358 512 543 589 591 620 639 830 882 898 922 959 971 
28 29 39 98 119 156 185 189 233 300 342 345 473 497 579 656 669 713 725 779 810 821 832 843 933 934 951 967 
14 81 157 162 164 198 232 247 298 525 532 545 567 588 682 731 758 769 932 977 
8 31 70 230 305 326 433 456 481 511 540 554 603 706 712 747 866 897 931 935 963 991 
3 47 203 226 243 299 358 363 459 467 483 516 557 637 760 874 898 979 985 
13 15 45 49 66 100 108 202 205 311 339 471 479 565 577 752 788 806 871 878 891 931 
16 24 39 92 232 263 288 311 406 509 519 532 555 591 731 764 801 905 985 986 
5 43 95 115 212 234 260 273 276 299 301 330 355 368 411 426 471 500 507 584 609 655 723 761 917 921 986 
67 137 242 255 269 480 500 704 792 819 821 869 
179 297 372 468 482 513 519 570 645 674 718 792 800 807 836 844 893 937 971 987 993 997 
34 47 136 169 200 208 209 220 237 255 386 418 424 456 480 489 522 547 610 621 709 721 812 846 920 981 992 
66 73 139 227 319 515 585 633 641 672 683 804 836 847 854 904 911 939 942 981 
79 194 227 248 306 352 371 494 519 520 522 554 739 756 769 783 825 
10 49 64 67 82 84 117 187 199 348 426 449 491 601 665 870 904 931 933 954 
63 79 155 285 307 325 343 397 446 509 526 553 555 625 626 653 655 673 724 731 781 876 934 983 995 
6 78 130 185 232 241 251 254 334 387 571 578 584 614 673 691 750 900 977 
118 389 420 492 493 563 658 675 719 873 942 995 
58 107 196 200 292 387 454 461 521 587 592 701 706 722 744 784 785 809 831 855 986 
42 47 182 216 302 335 343 350 522 620 688 828 905 954 964 992 
33 97 143 319 379 577 660 668 685 693 778 826 827 899 969 
97 147 160 172 206 213 317 376 379 389 417 463 532 605 639 649 769 772 811 847 908 918 930 942 
55 91 137 147 163 178 196 221 247 329 339 409 441 477 488 500 557 562 663 673 691 731 733 745 892 943 979 
21 59 79 111 113 246 256 294 339 367 479 491 551 556 594 666 674 693 758 789 823 827 883 990 
30 71 203 241 317 321 335 340 374 399 452 463 516 521 549 604 619 642 654 791 955 972 
66 93 95 116 189 271 289 325 359 377 385 387 422 440 484 491 496 513 560 570 588 647 691 713 764 809 824 841 936 941 973 984 
116 167 251 283 325 385 538 590 653 794 839 904 905 949 977 994 
77 80 127 134 137 257 282 322 326 366 434 452 465 505 509 578 632 773 888 998 
9 70 87 89 100 138 211 265 270 330 357 374 393 414 431 470 629 704 719 776 800 880 902 913 
30 147 191 378 394 445 530 568 696 713 739 797 799 875 963 997 
14 28 72 95 146 165 253 262 302 332 349 472 485 517 542 664 767 791 800 888 891 900 968 989 
94 95 391 432 456 548 565 652 737 743 822 860 
14 19 54 70 143 189 228 270 321 340 608 618 640 735 769 879 917 
173 195 208 233 319 383 413 422 424 447 477 558 578 599 615 630 662 694 702 720 722 789 867 
32 64 95 211 280 320 405 427 476 675 780 838 974 986 
24 32 40 91 158 169 281 380 440 477 502 514 527 534 568 633 694 730 776 790 854 884 953 
84 91 160 161 251 326 420 600 669 762 879 975 986 
0 16 43 45 64 168 272 312 319 351 579 605 621 708 759 824 858 869 924 944 978 
27 33 53 55 70 80 86 88 115 117 136 172 186 218 271 312 316 368 442 447 522 561 565 682 686 700 985 
4 23 39 179 183 305 347 350 374 408 487 524 630 746 782 796 934 953 969 
29 87 201 225 243 338 482 508 550 580 590 677 698 714 772 809 860 918 935 
22 25 29 121 178 204 323 345 440 484 496 608 767 818 853 938 943 
59 66 122 169 176 191 228 334 375 515 522 883 935 972 
14 37 144 166 187 271 500 545 557 707 767 788 839 859 890 967 968 
16 165 202 205 206 269 282 295 297 359 395 519 586 643 687 712 780 801 822 932 
36 99 138 162 212 310 356 415 484 490 568 643 713 718 771 772 
38 42 46 56 153 163 191 201 244 387 450 459 480 603 608 614 729 740 793 800 840 881 907 991 
50 51 154 209 250 370 407 408 410 426 512 518 579 607 644 682 709 728 740 845 885 908 
42 83 124 194 293 317 324 350 569 646 780 785 803 804 893 907 913 953 962 
37 39 184 202 216 265 322 369 430 450 483 501 532 581 587 630 652 701 725 826 861 971 994 
1 38 69 169 214 229 580 585 665 675 732 736 753 874 882 911 968 988 995 
150 216 257 311 457 463 537 588 609 614 616 634 778 828 829 833 893 914 923 941 949 951 993 
35 86 106 362 368 602 615 660 812 843 863 880 905 927 
54 62 71 179 268 276 359 391 407 411 412 447 508 520 568 608 621 639 701 704 726 756 843 890 974 
98 105 178 274 309 330 374 447 596 614 619 754 807 824 878 902 928 931 
27 58 97 173 273 409 419 422 423 547 596 650 651 677 770 813 873 894 901 975 986 
66 99 117 135 185 195 269 348 400 409 538 651 694 702 754 776 811 944 947 969 974 982 999 
43 71 220 263 269 295 315 322 329 368 385 402 430 600 609 640 753 773 822 877 896 918 991 
64 77 79 162 171 175 216 227 234 487 501 576 608 749 818 824 868 945 995 
20 74 122 201 212 218 276 283 342 350 351 370 385 470 536 623 648 762 784 801 934 
16 278 362 432 434 467 535 586 600 607 703 717 725 786 891 928 980 985 
75 77 217 244 248 258 271 336 369 427 505 517 598 600 636 640 765 773 806 833 835 853 881 953 979 
125 139 146 203 214 243 279 283 324 377 414 494 556 625 766 805 807 809 814 826 954 
9 17 30 44 117 124 125 193 210 322 354 422 500 517 637 715 882 897 992 
15 50 171 172 184 192 290 294 375 379 447 498 598 610 628 641 648 655 679 933 
71 222 227 304 471 532 584 622 636 697 707 745 754 830 866 916 925 947 956 
12 32 49 57 91 107 257 262 268 384 434 491 577 677 691 695 746 774 783 848 926 996 
207 284 317 326 385 554 563 660 675 681 772 780 814 834 952 
1 26 130 144 200 204 239 352 422 465 581 655 713 780 811 852 861 865 906 942 943 967 987 
14 16 23 110 131 136 283 296 299 340 434 443 481 553 599 624 691 737 742 786 791 860 872 939 972 
61 77 88 140 174 265 278 359 365 391 439 482 493 531 532 535 581 643 810 835 915 925 926 972 990 995 
26 31 96 114 289 319 353 433 534 616 760 777 786 890 
1 18 29 76 159 171 176 196 305 328 484 489 496 549 584 663 711 780 820 830 839 850 923 
115 121 174 212 245 301 343 349 396 452 490 522 528 624 644 663 695 809 976 
3 39 71 78 105 119 171 172 191 282 287 329 346 363 386 393 404 649 696 749 793 993 996 
28 161 164 351 397 407 435 522 526 643 689 720 816 854 905 947 
3 32 126 299 318 422 472 487 500 503 662 723 744 745 799 818 831 913 924 944 955 991 
11 33 101 239 266 268 316 349 390 431 436 498 501 508 523 782 822 850 852 904 
5 36 92 127 251 325 354 367 377 498 531 533 542 560 637 657 740 772 873 923 956 
116 193 223 261 355 451 515 546 548 564 567 580 594 657 668 700 745 753 771 773 793 847 861 905 912 944 
62 71 124 202 216 264 285 286 311 313 497 502 515 597 636 637 672 706 707 725 759 986 
5 18 44 173 183 236 257 329 363 432 455 509 515 646 777 855 
43 201 264 366 372 390 425 439 493 539 553 597 651 716 734 877 926 934 992 
48 54 87 169 214 312 341 392 398 412 481 489 508 567 652 666 836 861 882 943 978 
39 82 97 109 120 180 237 255 399 504 660 661 728 754 759 762 763 773 810 813 864 867 910 916 927 985 
26 112 118 173 181 195 230 354 428 485 753 787 807 832 968 981 
0 33 83 158 185 238 354 481 543 590 591 613 617 645 664 676 677 688 797 816 832 868 869 903 990 
0 46 89 214 284 299 329 351 375 409 460 480 609 637 706 735 747 865 920 944 972 
11 71 121 225 283 304 305 341 376 377 441 472 514 533 591 615 624 632 658 730 767 785 791 807 882 892 980 
25 82 101 119 207 213 315 327 434 488 591 654 717 761 857 936 971 972 
237 263 310 389 391 412 426 460 501 532 578 611 653 774 831 899 940 
69 129 183 264 272 306 330 380 408 511 608 618 688 726 753 773 805 871 959 994 
188 505 568 579 598 616 619 670 678 685 710 775 821 935 990 
31 72 258 295 329 333 496 664 810 816 818 830 898 902 
0 22 50 83 95 99 128 249 344 560 565 608 626 639 682 724 732 770 845 853 930 
4 8 17 35 67 153 210 219 248 278 288 325 387 391 440 542 564 569 581 602 730 739 890 910 911 997 
6 31 122 158 222 232 331 410 506 539 579 649 681 740 746 850 948 
49 61 117 125 189 264 473 482 492 600 643 652 887 
1 81 165 324 331 433 445 461 478 484 624 630 679 734 873 958 963 987 988 
29 60 118 119 120 163 206 239 383 392 400 632 654 711 727 731 816 826 859 952 
12 56 162 206 215 222 262 439 508 513 542 553 604 616 677 748 845 991 
17 87 99 109 199 203 241 250 303 378 383 473 515 552 588 615 695 700 757 877 894 975 
25 49 72 233 251 287 296 455 459 491 499 642 662 663 664 774 783 793 943 
38 219 254 323 354 460 507 510 543 789 816 943 948 
27 72 77 131 148 190 361 408 472 503 556 558 762 765 824 833 898 950 967 980 
27 53 62 104 107 127 368 378 397 431 437 492 592 641 659 663 685 702 761 804 825 838 841 858 905 922 958 981 
59 110 150 168 245 305 332 360 368 378 393 397 398 607 785 859 867 882 901 906 
46 191 237 270 357 370 377 403 455 483 486 556 591 726 834 881 899 933 936 980 
11 19 78 115 230 237 352 575 620 652 660 718 737 757 772 780 854 860 866 901 925 
17 23 101 147 150 166 171 175 177 182 234 326 345 383 441 499 540 557 645 657 691 738 796 824 859 870 928 944 966 995 
38 217 267 275 369 510 532 721 747 754 762 810 902 
6 209 217 243 262 336 435 437 534 594 619 745 776 788 849 886 938 956 
2 3 70 137 161 362 386 408 425 468 525 535 610 639 696 721 747 901 904 905 924 986 
14 37 124 125 139 141 154 223 329 367 435 529 613 645 650 655 704 743 802 839 936 941 962 
99 170 171 329 366 512 517 555 582 674 680 927 996 
147 172 178 318 376 472 503 546 547 573 600 602 828 881 928 
70 81 106 363 374 451 455 500 514 515 633 688 747 782 860 964 976 
68 96 131 223 362 363 396 434 444 467 585 708 726 772 777 780 800 814 854 879 913 956 978 988 
24 85 143 239 304 350 381 418 503 570 647 708 718 787 822 834 905 942 947 997 
24 26 105 172 254 440 460 472 564 583 607 654 672 744 750 753 851 906 921 983 
43 90 96 161 174 222 272 361 400 511 541 557 631 666 834 840 944 985 997 
37 104 157 159 163 168 318 359 407 580 609 682 684 743 977 
17 36 155 157 189 246 296 318 350 409 514 592 623 679 685 780 909 925 977 980 
23 44 58 122 147 164 200 208 273 285 295 318 329 361 401 470 518 700 713 885 911 916 930 947 961 991 993 
12 13 15 17 23 59 115 125 226 276 366 440 454 522 604 631 664 749 789 816 818 846 898 
75 119 164 186 217 285 313 528 581 583 674 715 729 761 810 905 953 
76 126 132 142 167 300 318 369 509 535 541 579 621 700 753 950 
11 34 83 102 108 124 188 195 244 273 275 293 331 341 425 441 457 559 574 623 627 656 675 740 854 863 902 907 955 
23 54 62 103 188 201 252 318 424 473 497 506 520 532 534 553 596 660 668 685 690 708 714 761 897 935 940 994 
12 41 116 118 181 223 243 344 370 458 481 497 553 601 699 759 796 856 890 972 987 
102 252 280 448 452 488 489 522 580 609 634 696 714 722 755 808 851 864 964 
42 51 59 115 188 303 351 356 361 451 459 476 493 523 558 655 685 720 730 767 826 845 865 866 920 
1 47 68 100 101 111 170 182 284 328 537 538 678 693 839 842 853 898 920 945 
8 53 127 149 257 265 321 322 369 441 453 542 565 602 605 653 761 765 867 907 
86 98 130 159 186 370 570 602 603 680 787 790 794 800 803 949 977 
34 50 105 214 247 442 487 570 674 691 784 795 842 947 
86 113 115 220 253 291 334 441 446 455 552 617 673 726 754 863 876 882 917 959 
4 40 41 59 67 86 146 147 154 177 209 269 312 350 518 540 552 604 666 678 684 698 744 863 908 947 949 
139 175 227 327 329 436 506 528 557 683 743 760 770 839 849 880 949 968 
20 79 175 196 237 320 389 391 415 425 488 502 615 649 653 813 896 906 928 940 
10 26 124 177 224 295 367 415 424 437 469 527 528 534 571 631 722 750 802 895 901 906 
74 78 145 161 285 287 342 375 489 491 539 577 582 615 618 790 856 901 
192 211 317 351 390 421 486 501 565 692 702 761 767 983 
135 238 470 502 541 552 585 729 764 795 883 979 
117 187 215 232 318 400 446 463 544 618 904 922 
8 20 157 164 200 210 235 284 288 316 326 375 380 460 477 487 516 544 706 784 833 909 913 923 965 
117 154 170 218 229 265 307 370 382 442 560 594 648 695 737 820 827 868 876 955 
30 95 144 216 416 459 474 618 624 702 835 912 923 953 
49 71 72 194 240 254 325 366 416 498 684 726 795 796 829 901 
142 165 206 244 308 439 500 510 553 605 629 666 717 748 821 992 993 
75 102 104 184 238 307 310 366 410 541 601 731 782 791 799 916 937 
24 123 160 255 356 397 503 584 592 640 694 724 788 794 800 802 810 827 849 904 922 954 
11 51 79 137 147 298 350 438 552 613 842 859 897 997 
155 196 200 269 275 303 610 690 714 723 820 887 920 927 938 983 
11 22 62 63 141 174 304 329 433 443 503 508 622 765 804 816 817 836 879 
157 224 316 400 422 529 698 794 799 820 831 870 906 959 
4 32 114 134 228 350 361 373 475 623 692 812 814 876 922 929 959 991 
46 54 121 131 290 612 680 715 753 779 781 863 888 946 
21 69 145 195 203 239 240 295 358 392 402 404 599 614 615 662 820 834 838 932 996 
96 191 211 232 317 374 380 424 497 502 526 579 679 699 734 749 861 888 967 
93 210 272 300 420 572 578 831 959 971 985 
34 62 228 229 268 318 426 450 505 515 521 595 635 718 812 905 961 
3 17 69 73 203 365 448 464 577 620 686 768 784 821 935 
37 105 111 148 170 177 181 186 245 248 252 270 486 520 549 568 690 709 867 870 879 881 888 894 929 972 978 
33 36 178 268 307 342 407 491 601 610 634 638 712 732 764 797 986 
25 30 41 100 276 438 503 509 619 634 653 662 670 674 742 789 799 811 859 874 975 
53 81 188 273 304 477 565 588 602 644 696 710 718 809 821 836 882 916 917 
8 59 71 189 198 259 417 436 458 490 620 629 668 779 788 934 949 957 968 
129 181 198 204 228 254 260 365 385 456 470 515 627 635 671 685 713 731 734 758 799 833 910 966 992 993 
10 59 131 230 251 274 281 302 352 355 395 464 476 558 571 584 586 636 642 696 723 736 764 771 780 799 973 
105 119 157 180 307 458 464 505 567 594 596 706 755 765 808 813 821 825 841 872 875 896 963 
31 63 193 271 282 300 306 327 340 366 562 592 608 681 777 809 829 989 
56 110 187 218 243 257 263 307 308 428 445 656 765 771 859 921 934 
42 91 116 140 147 196 217 332 343 347 371 375 434 498 512 630 650 771 804 854 925 929 938 
46 69 77 128 131 182 208 404 410 423 459 634 695 729 779 821 850 859 869 886 977 
4 27 69 207 301 483 523 541 552 684 751 755 829 863 874 913 917 990 
18 79 121 141 159 178 321 436 445 458 484 509 514 728 831 843 867 872 940 944 
4 78 95 103 137 149 365 453 455 456 495 615 638 689 838 877 897 941 979 
32 77 81 137 157 219 287 359 386 387 481 666 732 848 889 897 911 926 938 
50 92 109 240 325 550 597 614 682 714 726 849 872 918 936 979 
69 145 168 210 251 311 383 386 405 450 457 460 482 622 700 735 817 824 860 883 891 
0 6 64 229 258 330 369 378 425 434 447 450 452 453 531 544 666 683 718 806 815 827 846 863 986 
19 23 48 74 135 181 201 204 318 364 392 404 423 448 479 527 570 675 867 911 
39 78 94 201 223 271 369 470 494 545 555 623 717 723 782 874 892 923 972 980 
128 168 406 445 483 485 627 633 666 670 703 736 739 799 893 912 926 940 954 979 997 
113 120 126 210 219 244 261 355 383 407 439 462 556 648 687 715 722 736 784 806 840 866 874 890 953 981 988 996 
5 24 55 92 103 159 191 206 405 415 478 503 548 732 804 931 962 963 968 997 
18 126 148 200 204 226 499 556 574 597 678 682 734 805 836 
72 75 157 166 212 236 246 263 314 338 395 590 592 622 631 667 775 847 967 
0 60 89 104 147 151 157 236 262 278 314 339 353 367 410 413 428 429 518 529 530 658 661 665 701 765 820 873 907 945 
10 46 56 57 92 95 241 251 315 426 483 506 528 554 577 688 727 850 949 985 988 
1 70 85 105 199 247 400 436 439 482 492 567 586 594 731 920 
12 45 71 96 110 115 160 161 168 235 259 305 393 403 436 582 598 670 675 686 759 785 865 913 970 
103 112 119 131 241 260 288 345 353 360 382 419 516 554 559 560 603 613 633 690 719 727 802 860 871 996 
18 46 66 98 192 241 242 257 282 300 326 359 403 512 535 627 675 748 854 913 
0 14 62 80 89 252 310 522 698 801 845 886 912 926 934 982 
56 87 208 234 344 394 401 652 703 727 867 908 
22 25 26 46 147 161 210 252 328 346 375 386 500 568 600 681 796 797 798 945 960 
29 89 156 169 253 280 282 386 432 439 445 698 778 900 915 937 952 960 
13 17 48 113 211 215 241 299 365 434 437 498 512 539 598 706 754 780 822 889 897 981 
128 139 190 220 325 370 414 493 554 584 629 631 652 656 680 735 793 872 878 
41 221 259 270 315 318 359 434 459 522 566 636 641 674 840 899 940 
6 19 28 33 55 284 293 331 361 376 407 430 454 455 522 577 632 689 739 759 763 771 775 814 849 850 898 924 
14 66 117 173 236 244 270 403 408 410 415 452 552 624 682 685 707 717 835 839 840 913 931 957 962 969 
17 42 43 52 99 239 268 323 461 485 497 558 562 720 756 785 860 872 902 961 965 
96 194 227 293 306 335 336 423 493 536 537 569 595 684 719 799 925 932 959 961 
26 140 176 186 370 412 665 684 764 786 815 993 
92 98 130 153 232 291 451 463 511 517 541 561 702 707 715 744 801 821 864 899 908 
45 88 161 177 197 232 306 309 367 413 478 514 524 594 719 825 955 
22 91 124 239 259 446 451 514 563 670 682 694 833 908 918 
57 105 136 139 167 170 200 216 368 457 547 584 600 621 622 684 730 781 819 825 842 879 905 951 
28 34 159 182 272 341 387 388 407 430 435 562 608 628 638 644 664 669 734 735 797 925 940 
49 111 171 194 221 222 226 307 360 491 508 546 582 603 638 720 742 750 881 
22 265 317 324 332 395 424 486 495 601 607 616 724 748 777 805 884 896 908 
104 183 232 304 340 345 750 757 766 865 883 917 935 
9 15 42 44 143 239 260 287 347 382 447 459 516 521 592 652 773 813 842 908 968 978 
226 307 378 429 497 498 697 708 721 825 841 925 972 
0 85 112 114 216 220 274 305 320 394 415 484 593 698 705 711 796 858 932 
55 87 102 197 203 267 304 309 397 488 515 600 763 822 882 923 960 
15 113 247 373 406 454 523 603 640 648 656 684 821 831 856 862 955 
63 146 147 161 180 256 263 303 341 342 437 672 750 773 800 826 827 868 979 985 
40 41 134 167 228 274 293 382 430 432 447 511 549 562 587 648 682 802 820 851 858 867 874 882 911 925 987 
77 118 124 193 194 288 308 345 354 376 409 469 483 492 520 529 575 660 697 724 726 729 756 757 778 803 888 905 939 
3 12 138 183 251 270 299 380 396 423 425 436 590 614 630 785 794 834 877 
0 47 69 119 128 175 240 242 281 307 315 318 502 508 642 673 695 700 834 835 843 898 971 
123 128 252 286 290 324 338 354 364 366 372 409 438 457 528 552 608 609 615 681 690 704 843 948 979 
110 214 227 238 273 296 353 385 434 550 632 766 831 845 851 869 881 993 
3 12 73 151 280 288 292 311 321 408 409 469 536 578 615 640 668 705 763 799 821 866 897 949 983 
26 73 130 139 142 153 305 403 406 441 540 591 603 655 664 686 873 917 984 
24 49 60 66 89 127 164 180 216 301 397 405 409 489 505 525 569 572 619 684 804 820 847 935 948 
14 26 52 125 168 260 299 327 337 355 377 411 505 544 573 815 849 922 924 933 960 962 978 
22 41 48 81 115 190 203 280 291 368 402 450 605 613 773 815 889 901 969 984 
45 146 327 331 469 679 697 729 812 816 963 970 
129 141 186 206 263 305 343 351 352 422 466 529 608 634 644 680 695 722 724 734 800 833 852 985 
21 40 47 71 85 108 188 251 339 479 573 594 606 608 630 642 699 748 774 775 832 922 923 927 933 
144 165 257 306 380 494 505 523 543 829 929 990 
222 242 355 391 441 448 555 608 683 767 830 857 859 943 
8 74 102 210 272 279 288 338 471 580 645 653 704 718 750 798 800 941 960 987 
20 32 109 166 338 470 632 657 843 864 886 890 
34 42 235 294 315 328 367 391 396 509 702 723 759 882 983 997 
7 74 173 177 182 185 219 285 312 314 336 403 404 549 563 574 585 609 610 633 660 662 671 678 750 781 819 833 842 863 885 931 959 
42 48 73 156 194 239 274 284 357 377 388 423 500 535 555 563 646 652 737 750 835 842 861 909 
32 166 289 341 419 435 520 610 690 708 748 807 856 858 963 
21 81 89 151 221 247 270 289 293 338 411 541 542 550 613 818 866 939 
50 58 245 400 446 461 468 484 525 574 614 768 783 843 897 
17 64 149 152 154 201 271 351 366 370 380 381 439 472 489 544 608 692 810 825 892 954 
65 215 403 413 586 602 612 750 778 792 864 868 894 906 947 995 
65 126 164 189 201 258 349 389 414 422 456 486 499 583 676 748 823 879 979 988 
21 56 117 152 207 306 359 402 407 421 556 561 626 736 771 870 930 947 963 
82 90 101 130 136 151 281 455 575 591 605 623 628 652 666 670 675 681 687 699 754 772 797 807 824 838 856 892 968 
30 128 181 215 355 371 442 466 523 539 545 722 729 738 742 765 813 906 916 927 
17 18 37 83 95 107 293 313 356 385 514 536 555 637 640 676 827 852 876 918 934 994 
73 100 102 107 114 182 219 227 241 261 265 427 436 437 511 653 690 866 896 922 948 
133 151 167 198 239 273 367 428 475 506 561 623 692 738 897 912 
165 243 270 272 333 360 391 422 466 501 511 596 597 631 681 744 805 871 901 
13 34 45 62 87 119 136 152 193 224 280 289 301 329 341 367 484 485 503 540 645 819 891 913 
99 114 180 268 271 302 340 356 368 369 393 427 473 498 515 573 593 633 643 843 875 896 929 963 
55 101 129 169 226 266 268 292 294 314 330 382 446 509 560 572 616 717 724 804 833 955 
24 33 119 122 128 246 287 309 350 367 455 537 591 621 632 702 718 723 724 802 813 839 865 
72 149 172 219 289 314 342 416 506 597 615 663 753 840 876 914 926 
18 82 144 258 325 343 446 535 538 555 562 620 713 733 770 793 795 817 820 839 848 906 976 
50 51 54 103 130 132 304 312 318 397 552 582 689 690 708 753 862 
12 123 137 192 243 263 342 423 446 447 448 450 480 496 500 542 562 599 625 638 651 806 855 945 
74 92 136 157 172 180 262 276 320 359 407 412 434 462 615 627 642 809 880 924 949 964 
43 83 100 130 198 267 295 335 414 495 515 565 669 726 885 889 940 
24 27 77 135 198 261 370 393 444 476 587 596 598 730 752 817 854 967 979 
215 310 470 503 541 712 722 836 845 893 962 966 993 
11 94 195 224 303 351 420 459 468 504 580 585 587 588 625 639 645 646 678 751 780 847 856 908 949 977 984 
64 130 241 306 338 339 349 367 391 426 623 655 668 719 754 796 841 856 862 884 916 982 
30 56 76 161 173 280 285 292 337 365 435 659 744 747 752 783 889 894 
1 165 219 342 380 407 409 513 588 616 625 643 677 731 756 777 833 879 
3 7 63 161 196 231 293 297 301 409 432 497 532 552 555 574 715 728 912 957 
28 141 147 363 376 417 431 473 517 548 593 624 753 758 967 988 992 
83 105 251 268 318 330 407 462 511 578 586 609 685 878 888 915 917 
24 36 167 209 213 289 314 409 413 498 507 548 695 714 737 928 957 965 970 
9 90 133 228 269 339 340 344 378 397 428 433 437 517 599 904 910 951 
8 88 170 201 248 280 291 363 368 439 444 468 484 551 601 691 714 781 919 
95 120 232 267 314 332 510 520 525 539 572 573 635 736 783 915 932 977 988 992 
27 30 71 76 111 129 204 283 295 397 554 622 669 724 744 
33 50 51 134 170 291 360 382 460 463 498 566 603 869 915 959 965 
50 62 126 141 191 245 269 314 348 380 461 464 532 570 590 667 721 761 799 873 883 887 952 
8 121 192 206 246 308 348 369 380 411 452 513 564 696 724 763 799 817 877 908 909 919 
10 15 56 113 188 285 298 506 562 706 823 870 965 967 
85 90 110 176 197 230 243 326 499 581 649 653 890 898 910 
60 94 100 101 264 356 445 455 525 539 579 592 631 647 684 724 752 772 799 806 877 885 892 903 932 937 
104 105 144 213 547 614 699 745 790 793 891 976 978 
28 74 120 126 159 173 291 301 335 369 472 597 617 720 747 749 803 806 854 901 932 967 991 
69 81 147 182 306 378 446 615 648 846 906 935 
2 55 76 115 307 396 521 523 701 815 915 965 985 
52 92 170 212 218 318 375 396 456 615 676 797 839 875 885 892 933 984 
43 46 47 79 102 141 146 159 181 239 350 439 460 461 479 511 520 529 563 586 609 699 791 845 
122 156 159 210 474 521 541 554 558 574 689 726 747 906 929 997 
1 76 128 137 267 303 402 427 484 487 559 563 577 652 670 691 700 741 742 824 888 903 941 990 
33 75 143 156 163 243 387 484 499 610 621 660 702 875 931 939 
54 126 177 185 190 273 371 454 491 495 539 738 756 779 803 814 971 
48 63 177 205 217 273 315 316 424 425 448 472 496 532 652 810 838 868 887 
8 27 78 272 273 278 328 343 350 443 506 532 579 591 598 618 673 694 771 783 835 927 939 992 
10 34 46 79 92 125 184 224 276 287 295 408 425 448 536 552 622 638 699 759 764 802 878 912 925 938 940 
11 88 126 209 234 288 316 378 417 433 499 570 638 653 675 694 695 699 887 903 928 969 
7 17 28 38 63 144 145 218 221 290 367 391 444 497 578 679 799 804 809 857 861 863 911 963 972 
4 56 64 90 135 146 176 218 221 247 264 287 307 402 483 533 572 573 636 681 733 735 748 799 834 918 919 942 968 
67 71 93 154 189 252 259 304 331 333 391 447 580 625 679 732 948 997 
105 175 226 264 376 404 526 551 577 668 764 806 
22 37 92 99 122 191 261 361 377 383 415 439 530 553 622 776 864 871 
90 211 217 337 388 427 449 585 598 613 626 638 692 737 740 756 767 790 831 845 874 900 
22 82 175 232 236 324 380 518 536 574 575 603 679 707 806 830 835 944 973 
20 48 57 82 156 257 311 354 355 397 401 528 533 594 663 733 738 799 966 976 977 987 997 
0 2 15 141 187 194 263 315 407 468 504 550 612 690 713 860 869 927 951 
4 105 239 258 269 329 335 361 553 660 717 720 893 
89 96 193 196 217 228 256 261 279 317 358 378 474 477 491 513 568 620 727 798 818 887 987 998 
43 47 120 148 226 227 505 604 612 774 824 838 931 981 
93 172 189 218 229 261 375 384 647 676 745 819 832 865 873 882 906 912 
8 115 123 223 276 286 322 354 362 471 521 543 545 590 744 746 785 800 834 842 865 893 896 915 972 984 994 
10 50 153 190 216 358 424 476 508 626 651 657 731 746 795 808 846 908 915 962 
25 58 153 223 256 272 276 347 379 437 442 463 487 508 548 667 837 841 888 934 997 
42 43 93 203 371 376 403 405 410 549 677 759 794 806 906 915 939 
39 63 184 192 294 477 487 592 607 624 635 754 777 828 869 896 898 899 921 923 
62 219 332 404 434 450 591 689 719 724 847 891 959 984 
20 89 109 136 138 154 243 337 363 409 554 600 648 736 753 823 907 917 918 
50 155 176 385 388 419 430 594 635 712 732 852 866 955 
1 14 90 119 151 157 213 219 232 328 401 402 522 608 700 753 773 783 860 954 
26 52 64 261 315 322 326 354 394 400 480 593 626 739 832 839 842 858 940 962 999 
9 20 36 73 128 159 218 235 315 318 368 370 381 392 437 620 626 836 847 997 
1 50 85 135 144 218 252 284 412 470 573 581 608 610 625 661 787 845 856 868 961 
56 96 211 236 240 363 398 399 492 535 673 708 754 763 790 832 843 847 858 
81 118 308 436 443 461 485 503 609 783 992 
48 104 124 158 208 307 345 446 532 669 680 684 747 762 766 819 829 831 943 950 956 
30 91 176 278 293 313 376 391 437 441 456 565 605 609 625 646 651 653 677 704 714 765 784 793 797 805 843 963 
42 218 331 332 334 337 375 393 443 475 497 585 733 766 790 847 858 880 946 
64 78 106 120 191 230 248 291 313 323 340 359 407 416 428 503 506 516 621 641 651 808 846 882 903 927 956 973 
24 28 45 103 155 213 304 416 435 444 496 513 557 569 608 725 758 777 797 825 868 886 890 922 936 
11 20 36 44 46 139 459 478 565 651 819 837 936 
37 121 128 148 159 217 227 236 247 290 332 422 466 467 561 587 655 662 704 741 827 885 891 
1 30 79 101 133 219 273 305 370 390 435 530 550 701 769 857 872 878 896 899 947 963 983 
25 45 79 197 226 252 369 394 445 448 494 495 534 536 591 629 650 698 736 813 856 900 993 
11 87 92 112 120 178 192 221 232 339 446 455 461 490 588 749 772 790 995 
102 145 211 312 323 350 370 374 381 388 439 440 443 487 489 502 509 640 823 888 945 985 988 
25 49 56 138 153 160 259 325 335 406 520 572 586 614 621 644 655 681 735 738 739 860 884 903 
52 89 90 221 263 313 371 396 401 447 532 622 640 772 837 842 858 883 912 939 985 999 
35 51 70 198 227 266 296 311 331 377 384 414 436 457 506 520 522 544 583 601 609 725 775 801 812 860 886 970 
88 114 212 218 304 311 326 346 396 486 558 579 650 653 760 769 811 853 871 875 934 937 961 
52 55 78 80 206 241 347 359 365 381 385 412 415 431 442 458 618 636 658 667 675 786 877 
30 31 89 148 174 179 268 274 376 379 402 404 477 583 588 609 637 640 704 777 803 841 852 911 
0 152 284 292 297 333 425 487 502 552 886 
31 53 244 246 333 354 364 370 383 390 404 445 450 557 642 687 859 945 
4 14 35 37 85 118 125 130 171 177 198 235 242 248 289 306 321 346 458 520 625 712 749 781 
27 162 173 177 417 438 519 520 535 584 627 669 759 764 781 796 804 848 872 928 977 
5 25 35 89 94 194 340 393 401 499 504 651 685 718 794 805 943 983 984 
45 58 72 108 181 198 273 318 342 351 411 425 434 453 485 491 650 734 804 815 824 837 842 893 928 977 996 
93 158 190 258 313 398 427 446 548 631 740 741 744 753 759 819 889 943 
28 75 95 194 200 226 254 263 357 415 489 527 552 571 584 679 772 812 837 
7 63 234 242 315 334 367 496 576 625 631 637 726 762 769 813 899 921 
6 15 57 58 114 139 168 281 282 394 447 615 647 712 781 822 823 940 978 989 
5 85 90 159 226 263 269 296 298 306 351 440 563 617 790 798 864 886 939 
26 69 150 228 292 378 460 461 463 483 507 564 616 621 652 661 671 720 910 921 981 
29 30 35 127 150 197 276 292 302 304 420 431 455 490 505 521 566 636 659 676 734 780 825 854 903 953 960 979 
4 111 113 147 193 221 317 359 476 634 702 705 766 780 817 821 835 922 
24 27 48 55 102 106 119 134 137 153 169 175 359 383 393 401 428 430 468 591 637 723 803 851 874 916 960 978 980 
104 271 277 318 386 389 571 646 702 725 787 788 817 974 983 
11 102 142 202 352 356 400 453 458 503 507 516 545 565 712 737 850 920 925 951 
30 94 182 183 195 204 235 264 272 277 371 374 380 391 407 443 469 473 478 489 494 530 610 653 720 758 813 874 928 931 
9 15 94 176 189 231 247 342 343 422 538 565 695 744 788 802 827 835 864 905 970 
73 146 147 233 280 303 391 396 398 409 437 471 472 492 582 678 727 758 857 941 945 952 971 973 
12 31 77 78 211 214 236 368 439 440 485 562 626 632 640 716 773 855 861 883 942 986 992 
73 144 196 260 313 385 433 450 578 610 651 673 688 721 739 841 973 
13 49 87 102 129 131 215 282 450 484 544 561 626 650 669 672 716 720 728 755 757 797 806 849 915 929 957 980 986 
10 58 143 199 224 278 337 505 594 630 759 806 821 823 891 894 895 915 973 
30 177 218 222 231 284 363 483 559 631 645 661 838 842 
21 60 174 193 298 362 374 410 508 667 714 782 804 813 854 902 
56 97 131 165 212 318 359 402 462 507 526 537 540 624 714 916 937 962 967 985 
26 77 78 100 208 275 375 439 453 463 486 498 583 624 637 650 652 672 715 859 875 907 915 924 963 971 
20 197 205 228 243 307 390 399 416 418 437 597 626 701 714 720 747 749 768 994 
16 89 92 98 161 177 197 373 428 446 490 545 625 806 829 878 892 897 955 969 
69 223 244 295 343 429 446 478 480 590 658 724 814 948 964 983 
116 174 289 364 374 469 476 540 549 573 587 627 824 949 
17 30 51 57 99 242 305 330 341 362 396 505 522 565 652 737 843 927 933 963 996 
16 64 139 142 196 260 364 369 385 429 503 552 560 762 769 885 912 966 971 
48 54 78 154 160 187 206 223 337 433 481 517 530 536 544 600 692 762 802 
61 122 151 316 317 370 629 677 766 832 845 889 937 952 
64 91 93 109 150 202 219 265 298 302 303 360 423 526 536 564 578 639 782 813 845 890 984 
5 39 74 75 122 143 196 235 277 291 299 358 457 469 473 483 514 545 567 584 601 604 614 622 813 829 837 844 862 891 
56 61 113 258 292 328 346 366 458 474 479 563 598 647 742 804 838 
4 25 61 198 254 287 371 430 471 533 614 665 702 712 781 830 874 914 987 
17 78 79 90 236 254 311 357 395 403 452 477 498 525 526 596 651 758 962 977 997 
40 44 99 187 252 326 347 371 440 459 527 538 613 760 766 819 917 
29 44 167 193 233 391 395 475 590 597 710 724 733 741 772 842 846 862 865 880 919 946 962 972 974 
127 182 203 274 300 374 391 418 419 503 562 733 740 767 769 833 916 
26 73 108 253 263 268 269 296 298 359 455 461 468 593 608 699 747 785 855 
43 47 51 198 212 246 378 380 617 656 723 727 746 753 771 786 869 900 917 933 961 964 980 992 
60 166 191 206 275 279 312 445 484 553 560 627 658 738 781 802 803 828 875 903 918 943 951 
34 77 103 140 175 238 264 291 299 378 389 450 508 576 600 655 694 735 768 796 799 
75 105 141 245 252 270 276 410 417 435 607 629 666 697 702 769 785 846 878 
2 59 98 138 169 183 207 282 299 359 447 469 503 605 701 719 722 740 756 801 809 876 
71 267 281 285 308 348 354 363 443 467 485 609 868 927 971 988 
25 101 320 337 388 436 630 639 795 844 983 
57 145 241 266 298 324 374 545 742 775 811 812 843 884 905 967 
73 380 532 541 657 821 845 923 983 
39 71 116 262 271 293 320 322 341 346 362 417 470 501 509 796 814 990 
29 58 198 214 266 312 412 482 505 507 522 544 581 587 857 
24 155 190 439 454 462 533 552 557 570 611 653 697 732 828 864 893 917 945 
8 17 49 65 116 159 209 244 254 381 405 487 544 585 604 705 719 720 722 824 828 890 908 
10 39 228 271 298 300 320 396 513 572 585 613 708 721 819 947 996 
86 99 136 189 291 315 339 353 440 449 466 468 534 566 617 626 659 705 717 766 886 909 919 
7 10 38 129 196 214 217 237 324 374 376 424 504 507 529 556 813 849 928 
89 96 118 130 158 169 406 424 431 547 600 628 644 770 842 867 892 933 
80 107 127 195 330 351 401 411 571 663 670 764 796 854 901 974 
30 38 62 72 79 99 184 187 205 357 430 474 500 503 507 525 527 559 592 595 603 653 718 750 762 837 898 
64 77 104 196 252 366 470 550 565 624 929 
53 59 149 189 237 267 291 293 295 387 408 512 517 527 597 671 889 927 970 978 986 
21 129 247 358 408 452 527 587 740 772 782 906 922 943 
109 139 207 317 464 526 544 550 703 809 912 
1 22 103 104 141 144 202 216 256 282 311 395 478 554 567 578 582 587 684 738 742 791 962 
9 67 122 163 164 338 352 454 455 474 546 583 584 590 600 608 613 795 816 845 873 909 958 
4 17 55 76 96 102 104 160 172 233 293 303 387 425 512 611 629 686 730 953 994 995 
20 65 182 212 271 319 370 449 526 586 648 787 870 873 922 
20 34 88 119 128 166 204 290 398 548 581 659 819 847 891 916 971 
2 60 82 87 154 197 394 409 615 624 655 725 731 759 867 
166 172 212 231 258 260 284 362 395 414 458 497 531 570 588 595 612 711 842 921 968 
177 185 342 374 442 568 579 585 659 706 738 756 781 852 856 889 895 949 974 980 
312 313 314 349 370 381 458 585 600 658 735 742 788 827 888 892 894 906 916 963 
104 105 144 172 183 279 325 435 451 471 516 549 651 667 729 732 885 908 920 953 967 
7 101 188 256 289 343 463 478 524 558 604 613 733 746 799 803 807 893 906 944 961 
13 152 216 257 385 401 448 472 572 663 793 819 841 961 970 992 
31 79 156 160 202 231 248 255 269 271 297 308 371 426 482 510 563 580 623 679 789 885 938 946 947 
