70 90 103 174 296 336 355 568 571 605 721 777 830 869 871 961 
120 264 482 598 604 611 736 929 
182 212 247 464 471 647 753 815 865 
5 9 58 92 953 
28 307 336 360 443 527 557 
240 342 451 548 811 
23 196 271 421 476 540 616 717 722 762 845 856 879 892 947 
145 306 431 549 560 626 690 729 810 824 888 949 968 
19 69 144 545 565 584 760 
31 159 232 238 337 357 481 649 703 948 
50 56 116 161 354 615 703 756 938 940 
279 506 552 608 771 
40 85 155 250 274 469 670 789 923 963 972 
78 85 325 405 472 512 674 679 687 862 992 
35 195 218 668 900 993 
109 271 562 622 651 973 
68 129 272 394 483 755 785 
37 95 301 326 358 400 408 510 821 
95 114 158 316 429 456 458 766 782 852 869 953 981 982 
28 37 166 182 262 296 332 391 415 436 468 595 675 829 855 
43 64 248 340 424 430 472 499 501 580 759 777 872 898 
125 381 528 658 849 926 974 
36 119 261 264 371 808 862 
20 38 277 337 347 400 523 587 592 673 702 723 954 
65 136 237 343 544 624 802 815 893 972 987 
54 144 385 664 735 
21 300 426 500 559 582 602 607 763 971 
0 36 213 451 592 637 729 
45 280 339 408 684 
19 126 256 416 493 666 765 829 
84 163 201 283 497 741 900 
96 595 771 833 855 948 
84 130 325 502 533 972 974 975 
30 194 496 982 
162 181 285 336 458 628 638 729 731 762 810 850 898 948 
0 3 132 244 378 445 848 893 
80 89 222 279 398 478 530 689 969 
15 400 453 529 837 886 920 
44 96 168 476 537 705 724 725 748 749 751 813 821 990 
52 140 151 232 274 315 613 778 879 
12 119 120 185 286 292 307 394 508 741 765 806 949 953 994 
41 91 114 171 178 317 505 627 662 667 728 811 921 
200 289 322 686 795 833 915 
81 174 371 520 646 702 922 956 
15 385 499 536 579 626 688 980 982 
0 37 233 252 253 304 640 717 728 735 948 949 952 
164 186 204 258 262 266 295 336 409 485 528 564 629 690 757 858 979 
99 115 130 258 321 383 403 549 799 971 
127 207 219 401 545 700 846 877 
245 279 875 972 
25 74 86 153 379 602 716 722 815 
1 30 216 230 255 314 595 686 
1 103 118 150 185 264 507 700 741 
53 100 101 341 428 520 727 
201 258 260 906 968 976 
45 61 170 196 245 361 476 583 757 859 963 
157 229 355 381 438 508 622 659 842 933 
87 88 303 553 841 908 947 995 
4 40 207 393 454 520 582 892 912 
36 105 108 135 223 597 798 898 929 
60 294 458 512 603 716 866 933 
129 414 454 704 995 
113 226 301 498 531 739 758 826 850 859 986 
74 641 657 811 859 
9 21 103 176 505 562 615 632 733 959 
57 126 189 223 269 311 459 588 632 666 753 
2 67 86 185 188 225 458 464 804 922 941 
55 61 307 531 600 668 906 
157 227 288 461 536 649 665 806 873 996 
14 51 122 233 281 548 581 684 726 811 823 
123 261 360 382 492 507 598 618 657 741 758 767 769 826 914 
21 106 173 622 633 750 791 809 896 925 958 
60 112 148 199 268 306 349 350 366 455 497 522 623 768 951 989 
125 154 167 284 319 330 377 535 577 582 728 871 889 967 996 
52 67 101 438 798 900 917 
389 423 547 630 855 865 887 910 957 965 970 
52 104 151 166 190 244 299 397 446 468 544 949 
52 137 199 307 342 371 431 510 688 713 755 941 951 986 
19 46 94 128 218 312 336 612 710 788 791 874 889 991 
24 75 99 143 151 194 207 505 562 622 705 769 
110 116 194 269 355 375 386 449 510 
35 88 172 276 392 442 538 547 605 781 801 
100 104 192 402 465 476 493 643 719 
231 327 443 445 539 557 631 890 976 
134 221 254 371 526 541 802 811 
65 73 305 357 446 603 720 771 778 857 923 
7 13 120 150 461 467 543 649 736 795 872 980 
48 49 176 233 237 238 620 637 649 924 
50 117 154 240 305 317 347 555 586 714 739 880 979 982 
13 54 69 134 145 395 509 599 660 862 907 
258 313 532 537 560 565 573 702 892 
320 329 486 499 556 592 669 694 831 834 900 952 
173 205 239 282 307 353 555 730 822 980 
160 217 448 526 711 795 836 
36 54 182 217 250 353 381 447 544 759 842 859 874 896 953 
153 155 225 336 426 482 720 759 851 
29 59 70 110 245 259 295 713 735 742 800 823 827 
17 55 156 163 268 285 304 704 716 751 850 880 
130 322 385 414 439 476 597 599 729 867 933 
159 367 587 808 883 935 
229 316 421 477 536 703 713 776 838 839 842 957 
3 56 91 177 195 295 388 506 599 607 651 760 856 932 
7 32 400 500 558 805 810 892 
22 105 156 201 303 415 428 520 552 609 660 842 943 
11 267 399 414 416 476 515 616 829 924 959 964 
7 15 64 104 182 317 323 394 465 482 489 551 554 647 886 
242 275 346 406 428 610 635 670 847 864 891 
110 117 252 672 860 895 902 
33 164 277 351 380 417 424 430 589 799 900 946 
15 37 146 164 267 427 431 469 476 517 694 701 838 866 937 958 961 978 
252 295 339 364 454 764 893 894 935 
12 35 185 226 295 339 462 480 514 534 716 813 870 893 
0 0 
23 99 367 385 415 479 603 651 835 908 946 957 
134 160 201 226 561 588 601 607 627 629 764 779 831 869 928 
179 258 318 350 370 402 458 633 660 662 756 897 917 
13 65 153 226 275 302 304 606 693 735 960 
107 168 203 208 258 443 446 485 789 862 888 921 
185 349 575 643 780 
7 475 484 616 644 679 786 869 955 969 
237 266 277 590 599 
121 426 494 522 728 818 910 
86 146 176 239 243 293 297 394 496 654 
226 428 450 500 521 557 663 716 838 885 906 966 
97 204 364 374 375 425 651 674 799 908 
83 129 165 246 511 788 922 994 
67 160 179 189 427 467 482 779 816 991 
18 20 338 477 492 700 985 
101 110 113 169 171 191 228 262 299 387 398 402 473 483 510 573 830 892 
83 270 679 723 770 831 893 948 
18 22 231 348 394 529 869 
9 164 263 479 487 557 606 712 728 732 893 
333 415 506 592 651 798 860 907 985 
23 86 189 243 281 403 451 550 700 784 883 
50 126 185 229 234 293 433 530 727 784 904 930 942 
80 220 382 407 494 514 537 691 731 758 760 789 856 900 
29 44 84 102 157 253 420 500 609 699 
6 46 348 433 487 571 605 781 891 
53 144 358 391 528 612 724 727 799 862 910 931 933 
138 280 361 381 777 938 946 
3 188 537 654 769 815 858 980 
160 232 241 285 385 449 655 686 733 944 962 
66 168 368 516 589 648 765 793 831 872 
401 528 665 719 753 760 926 933 957 992 
32 232 333 348 465 479 548 559 564 643 792 818 944 
116 210 503 625 775 827 
8 23 70 217 557 683 690 693 791 863 873 878 887 941 
132 204 249 334 381 429 505 535 876 
10 89 120 152 310 317 455 588 628 702 721 778 
276 479 573 670 828 832 
83 99 100 152 214 274 293 691 797 867 962 969 
128 134 151 187 260 268 323 378 438 822 984 
159 311 423 439 490 491 572 644 661 730 844 894 979 
119 170 185 251 303 447 533 657 664 756 766 812 858 952 
232 263 272 463 477 537 741 810 908 966 979 
8 256 290 310 402 458 577 681 698 769 852 
90 152 268 422 467 596 841 
170 352 687 736 860 911 919 
1 67 96 218 227 341 705 723 733 
155 192 201 266 418 428 442 506 517 570 658 934 992 
88 128 167 251 269 653 694 892 976 
10 373 415 425 496 526 624 850 854 
113 210 270 470 691 819 826 980 
49 200 290 299 426 495 561 565 866 990 
42 89 294 367 433 758 850 995 
137 228 242 290 356 590 613 636 637 791 811 860 
149 157 412 586 641 690 946 
257 273 507 848 913 927 
133 159 208 407 613 760 766 907 934 
31 101 159 229 464 700 758 914 
168 478 758 762 781 794 
124 189 463 607 653 814 861 886 924 989 994 
36 111 185 215 248 271 294 389 538 603 609 649 841 904 
28 173 257 315 543 624 745 906 979 983 
107 259 621 666 687 810 829 841 966 987 997 
112 329 373 481 506 509 607 713 889 
118 154 211 222 238 316 396 511 577 602 861 893 
58 234 249 353 367 376 475 833 
63 133 232 249 264 425 529 680 883 932 964 
24 82 162 300 340 447 731 824 844 886 927 985 988 
98 199 277 507 761 850 883 
29 66 139 208 371 566 729 773 833 920 
142 275 546 596 638 711 803 844 851 944 
0 3 87 365 428 493 676 715 
273 327 398 506 950 
15 34 294 534 633 737 746 913 
72 140 165 168 182 205 240 500 534 545 667 673 706 797 
21 24 52 86 219 294 301 451 578 691 750 873 
26 103 123 347 356 358 612 671 706 724 811 902 986 
323 546 671 819 910 968 
169 273 367 597 747 764 893 915 925 
228 436 468 659 663 681 813 910 914 
70 125 129 136 173 376 444 629 742 771 772 811 879 956 959 964 
41 75 174 209 517 523 540 596 695 706 716 749 840 881 896 916 968 
57 113 160 241 290 535 562 670 704 712 747 
27 170 194 237 248 443 518 563 631 695 846 902 912 
108 225 580 613 672 806 868 887 947 975 
16 50 63 89 139 330 362 474 497 806 994 
193 281 426 517 535 536 565 632 762 
232 306 649 916 931 934 985 
112 196 290 465 489 533 570 828 942 987 
114 226 375 458 580 592 633 685 694 717 722 952 959 
45 136 325 689 
219 323 439 493 525 562 567 714 770 848 935 973 
6 100 263 434 447 630 798 944 
5 67 75 81 87 97 317 421 598 613 690 802 842 
27 83 167 215 508 688 767 918 957 978 
113 154 393 897 931 
35 41 97 154 203 331 409 786 887 
32 153 154 159 213 253 393 436 440 546 573 601 669 777 850 878 886 930 
545 728 772 788 978 
180 276 279 347 383 386 411 539 576 609 682 695 934 
30 107 127 228 229 255 305 465 535 597 685 850 931 
48 147 176 192 248 555 664 814 852 907 978 
106 131 285 387 491 510 566 602 620 685 692 709 
19 66 170 233 297 414 442 459 517 567 664 793 795 823 860 877 889 949 
55 72 76 155 253 461 478 482 787 986 
11 25 97 160 168 212 273 299 500 527 529 
1 23 185 315 481 577 690 
27 101 376 468 509 917 976 
53 288 419 429 478 645 689 715 765 
52 128 217 350 463 486 555 589 635 639 826 857 
55 251 313 366 419 489 490 758 768 861 929 
7 29 68 122 268 292 540 592 750 814 863 871 930 966 
55 157 226 333 387 509 608 655 774 842 
36 46 64 95 540 666 693 695 851 912 938 972 
10 17 70 200 217 448 485 755 769 770 797 830 
245 432 521 585 851 899 999 
19 62 209 255 307 439 450 508 688 953 
4 143 286 307 386 426 538 823 947 
80 122 201 591 606 731 784 992 
280 354 497 647 696 944 951 
30 332 448 657 718 826 890 928 
138 164 199 414 573 666 722 748 828 862 878 907 
148 309 415 586 
65 192 265 337 443 631 709 790 799 819 872 999 
10 34 56 220 316 427 552 683 706 718 726 850 
55 258 453 474 522 608 663 692 788 860 942 
3 137 285 334 410 507 538 560 627 667 690 744 920 949 
188 210 288 301 432 527 626 635 680 683 715 806 
54 413 483 633 817 833 877 885 
118 137 585 790 818 867 
108 134 166 167 338 605 608 669 675 927 932 
68 155 190 291 354 369 519 570 670 686 689 820 
9 71 84 322 414 711 816 
115 262 473 595 780 838 958 989 
172 198 212 249 254 515 537 589 762 816 848 937 
75 112 172 335 487 488 560 949 976 
86 144 513 646 718 739 832 
82 157 161 429 440 454 502 514 582 754 782 813 825 876 925 
84 161 374 403 459 470 548 711 833 921 
229 294 608 728 805 891 941 
48 160 280 395 461 525 726 900 928 964 980 993 
68 360 423 543 669 708 754 903 946 947 
79 132 295 340 364 388 389 414 416 465 702 
3 114 210 301 510 586 645 842 847 
89 97 264 657 677 692 716 823 927 940 965 
62 69 146 238 240 245 265 435 525 679 694 717 770 810 845 
27 65 130 208 282 339 463 521 759 
5 78 114 146 178 185 187 242 245 265 445 806 941 
127 138 264 520 537 999 
62 149 156 262 301 332 337 837 870 916 943 
95 241 272 336 341 372 474 489 746 
124 150 204 220 283 286 312 350 654 763 887 964 
438 505 659 741 972 
201 213 389 413 769 797 906 
10 99 136 248 255 372 762 781 827 960 
208 261 281 309 333 585 617 850 
79 168 194 285 400 610 624 654 908 931 974 
208 237 263 281 290 320 501 659 801 
27 85 138 173 298 389 443 531 601 778 860 872 985 
258 459 578 659 708 906 
516 543 607 680 716 717 795 945 
175 363 663 677 721 810 
98 180 208 247 263 271 395 618 726 901 
34 163 282 303 410 625 744 761 883 941 
17 35 181 223 232 288 410 526 651 868 
32 74 340 358 387 394 403 496 670 965 
46 124 166 545 788 915 931 
592 599 834 842 
127 258 297 362 432 603 624 668 691 852 872 886 888 926 
21 308 340 655 845 960 
155 275 383 392 453 511 530 577 733 
116 168 185 248 281 430 592 688 914 
87 130 419 443 524 778 827 
57 128 162 188 209 263 270 604 941 947 
158 226 234 430 528 731 890 980 
37 59 69 156 262 264 298 356 400 660 814 945 948 
36 162 235 581 582 630 690 693 694 741 750 787 799 861 980 
0 53 82 226 372 458 674 
0 104 144 170 185 418 504 545 649 653 954 
38 117 143 344 375 428 462 573 680 782 
453 712 768 880 
117 179 270 413 473 507 671 764 856 865 930 
30 68 174 392 413 446 811 884 914 
87 201 304 305 362 449 453 465 645 741 997 
73 269 350 761 982 
65 796 919 
9 226 296 574 593 681 808 961 979 
133 182 279 396 476 585 801 973 
231 302 430 487 499 649 699 
31 113 328 501 523 
133 176 304 317 459 859 870 
68 166 173 291 460 580 688 752 778 
59 81 123 184 189 351 471 538 583 586 679 815 904 953 
23 45 221 256 314 592 686 959 
156 367 577 578 665 957 
33 47 131 223 357 420 599 634 711 923 944 
55 133 176 271 274 283 387 423 431 540 
12 115 306 309 365 465 592 600 613 637 644 705 742 815 945 
31 100 258 509 618 658 785 818 928 
159 180 356 428 484 545 681 802 
100 147 156 689 764 784 909 929 936 
108 136 148 291 326 365 817 937 
13 63 135 147 191 655 
80 187 316 348 375 377 528 542 677 900 989 994 
27 114 118 191 224 235 297 446 663 747 971 
27 143 273 336 441 505 508 527 752 793 872 894 
24 252 327 415 487 618 629 646 783 801 
11 173 217 371 378 503 850 938 945 972 978 
94 340 456 474 651 788 851 926 972 990 
103 189 330 342 446 523 896 899 919 
40 248 337 340 414 572 597 758 862 
15 53 179 244 318 457 462 513 539 822 870 985 
103 109 400 498 782 810 836 993 
102 117 482 538 569 578 753 789 863 888 992 
52 73 557 741 845 
18 39 137 300 779 985 
90 132 168 258 297 359 508 656 767 791 816 836 857 889 
122 294 511 606 694 716 820 823 837 852 
213 367 446 459 528 538 557 671 705 818 935 
23 302 310 426 482 507 531 614 655 855 943 
347 407 765 823 872 919 930 975 
137 197 480 597 677 766 778 959 
11 31 82 156 175 188 268 414 523 640 747 771 876 
603 713 776 844 853 990 
21 29 169 236 489 590 712 855 871 
8 104 225 347 422 490 502 524 533 652 728 838 985 
239 315 339 348 605 621 705 750 765 
130 290 363 404 434 630 871 873 904 933 
151 178 180 196 235 312 333 347 375 383 662 697 856 872 883 994 
21 71 131 228 261 445 588 620 681 744 961 
35 88 144 360 400 443 478 530 792 814 925 
31 104 171 305 326 755 866 933 942 
2 309 335 349 386 405 538 623 710 857 
18 36 126 151 206 321 322 330 353 381 486 556 564 677 709 807 882 931 971 
72 219 290 329 334 345 526 646 704 752 795 859 
82 225 244 413 417 445 499 591 846 913 949 
124 297 335 337 404 530 577 676 893 951 
0 57 78 79 248 260 298 385 452 519 690 691 710 714 736 917 984 
38 55 70 293 443 472 516 541 685 752 799 
46 164 173 196 201 332 334 417 662 738 766 
87 268 490 500 568 582 606 
110 114 147 157 177 206 211 227 231 420 437 523 551 664 729 772 780 876 883 919 973 
14 44 190 273 292 436 606 653 718 961 
195 374 638 646 684 895 
87 97 213 246 461 527 536 619 620 816 987 
371 446 543 598 630 665 775 865 
81 172 257 282 463 652 662 673 741 804 995 
164 216 340 660 777 795 832 973 
19 113 135 521 791 802 
71 311 403 432 515 890 948 
81 417 496 711 788 838 848 930 938 990 
45 59 74 123 128 181 251 265 380 547 560 623 647 661 786 789 830 835 878 897 
14 287 706 
65 349 492 863 
99 114 211 418 422 527 589 842 861 937 978 
93 187 218 290 531 644 940 
10 240 300 320 518 539 687 726 
3 102 104 202 213 273 405 412 765 796 846 951 
211 212 220 507 511 660 849 879 
130 212 850 
262 298 433 448 464 631 647 949 
126 221 282 438 515 702 784 856 878 959 
111 566 623 769 818 839 840 
20 73 100 102 292 325 451 477 487 566 605 621 628 656 657 729 914 948 997 
0 192 273 429 431 560 670 729 845 858 931 
32 133 137 452 476 504 648 672 721 727 758 
43 117 366 404 527 541 693 
26 383 398 495 528 616 631 760 
19 293 359 412 503 522 558 587 606 627 663 860 944 
222 266 357 384 386 452 555 584 678 735 741 953 998 
17 49 308 313 347 348 897 905 986 
130 138 194 274 386 391 505 829 890 898 983 993 
67 300 397 648 695 885 986 988 
189 277 315 458 569 614 805 828 837 892 
141 255 374 426 505 565 660 752 767 943 956 999 
6 61 80 144 152 265 307 349 452 550 719 804 904 
247 383 403 614 718 780 851 955 981 
68 181 224 384 489 588 612 629 811 830 
31 70 87 96 254 409 492 505 573 912 929 
46 401 498 785 811 964 
54 109 118 204 640 694 748 871 982 999 
46 102 206 389 423 446 535 575 910 935 
36 200 245 420 442 511 524 528 580 742 990 
145 156 179 412 544 567 719 745 838 892 911 
107 151 273 624 721 728 758 933 
158 225 364 391 393 420 486 593 642 890 896 925 
68 145 158 276 426 642 671 
103 151 159 254 388 445 526 620 661 668 697 777 845 967 
3 123 144 241 385 471 487 554 582 749 796 864 877 
116 227 251 259 294 401 419 437 497 581 589 
276 442 481 499 751 752 758 819 
10 53 96 119 132 160 230 377 809 
93 103 143 221 244 253 805 809 868 910 
45 54 108 161 198 329 388 399 510 641 756 852 978 
285 403 502 545 879 893 
93 138 397 502 563 757 782 841 935 
7 101 220 330 445 536 540 555 750 779 822 887 
238 516 647 662 735 779 967 
221 405 442 485 648 775 
89 100 215 306 350 486 529 546 632 678 751 836 
32 83 570 
55 110 248 318 401 419 437 545 729 812 876 964 
51 430 459 531 560 713 723 845 
147 380 471 603 673 738 829 830 875 916 987 
25 244 333 768 786 824 
6 52 55 103 126 196 353 413 570 917 
126 134 200 352 442 580 776 818 896 
9 18 122 407 480 605 666 781 938 971 
36 69 141 148 302 389 450 505 527 734 824 932 
197 343 462 468 609 700 893 954 
56 132 141 211 406 504 615 738 780 809 876 900 903 991 996 
82 286 488 566 934 944 
107 112 163 178 181 242 285 297 432 626 695 783 840 
475 525 563 570 587 723 751 765 817 886 
52 225 440 653 658 743 955 
51 116 158 260 273 473 522 655 
96 99 273 382 577 617 625 683 878 935 943 979 
336 395 485 492 638 756 866 872 983 
10 12 199 211 217 290 343 453 668 713 763 887 913 984 
152 173 214 263 512 542 600 812 874 
6 24 136 338 415 470 588 710 868 
63 66 115 124 223 319 322 333 708 732 838 857 861 897 976 
287 294 314 331 337 376 445 552 806 
17 239 284 379 414 867 
57 288 414 568 651 701 711 816 819 864 922 951 
52 364 500 571 628 743 755 821 959 
33 53 56 411 451 665 738 751 868 901 903 937 981 
15 76 513 516 541 556 596 772 775 783 
250 259 353 363 395 523 585 657 728 845 910 987 
114 137 210 214 252 345 365 537 753 891 
33 348 453 559 716 744 766 974 
183 189 311 382 391 727 785 
244 479 647 663 667 698 802 931 986 
23 26 229 524 618 798 
50 143 335 729 746 808 933 
20 28 63 133 215 338 364 502 615 646 684 707 733 740 981 
30 332 341 446 561 619 672 855 869 
66 129 463 480 678 850 906 949 
123 224 285 528 789 795 827 863 922 
20 110 158 517 678 963 
149 300 560 574 605 612 629 761 795 883 909 912 
128 197 216 387 389 414 449 574 710 
6 48 155 425 618 703 728 819 854 
0 6 388 404 712 797 867 
28 134 185 212 214 389 547 612 619 874 
246 304 403 553 636 661 674 730 744 788 803 853 857 951 
105 257 414 439 562 585 812 
120 316 531 557 585 645 969 972 
119 190 334 501 502 616 663 768 786 974 
42 182 226 292 526 799 818 864 868 932 978 
63 136 197 218 360 484 502 520 539 647 703 707 766 835 839 
60 137 187 190 418 447 463 975 
55 86 169 196 511 518 529 760 
95 187 236 313 446 502 603 774 872 925 962 997 
311 489 638 787 970 
44 114 173 207 225 242 518 528 756 768 815 996 
5 41 69 92 159 162 464 525 526 588 611 737 764 766 948 
66 168 173 345 401 489 688 830 975 
97 178 225 343 448 522 792 807 
0 245 335 467 480 563 655 765 794 804 809 842 929 
146 187 192 240 361 388 841 845 904 
6 7 62 98 292 383 578 635 641 851 875 942 
46 273 311 424 969 
118 127 200 207 220 312 325 336 463 467 516 598 610 626 812 905 943 
64 125 181 376 438 457 514 781 814 853 925 
180 223 615 638 676 717 750 782 850 912 
58 71 295 590 870 
49 733 976 
25 107 129 206 284 337 490 545 586 694 716 891 956 972 
44 53 117 158 209 582 596 
127 191 282 439 554 559 562 587 640 713 846 950 957 966 
67 82 173 379 492 511 566 585 613 673 770 814 
18 42 164 285 397 519 533 565 835 841 863 
94 403 497 600 675 833 864 
36 68 197 406 418 717 981 
88 212 524 572 667 712 817 
51 57 134 144 177 243 352 426 476 647 742 762 822 911 
124 145 162 369 395 647 
9 412 493 626 730 
84 151 338 444 492 506 533 535 761 816 914 938 
11 99 330 356 451 763 
12 16 125 145 197 199 634 712 734 914 
57 308 406 431 434 454 501 543 673 724 728 760 787 
20 67 107 118 196 205 221 282 318 455 618 657 795 835 836 975 
693 848 
247 434 501 512 534 568 678 870 946 958 982 
91 139 226 396 409 701 712 721 842 
16 73 122 163 246 298 424 469 570 691 716 754 759 841 895 921 
1 97 104 370 501 620 772 803 
62 256 389 521 552 686 726 736 787 797 930 
76 382 395 409 426 500 
126 145 373 490 534 750 767 
53 204 335 360 428 464 518 738 783 852 904 954 
168 209 272 379 439 451 540 618 732 743 787 925 942 
40 171 197 407 499 612 848 
1 72 116 168 212 332 648 861 
73 74 198 207 310 400 500 552 612 614 630 646 689 881 957 
88 310 554 637 825 960 
296 324 350 451 594 600 779 847 937 985 
223 263 280 303 357 576 580 817 833 870 
64 134 273 318 343 349 432 436 529 697 754 831 
88 188 189 261 344 387 463 550 567 668 688 770 805 816 915 963 
199 291 417 474 614 709 820 916 932 971 
30 86 90 106 327 335 486 517 689 790 875 908 
1 79 142 343 438 488 553 592 794 804 868 937 
18 118 154 207 217 358 404 446 470 714 731 775 779 806 844 874 940 
95 349 473 478 527 777 908 
56 326 535 858 870 
16 107 139 299 343 518 605 758 794 819 853 874 875 947 
180 358 434 473 748 810 833 907 
146 180 186 354 483 524 539 615 758 
143 424 620 651 660 691 793 865 908 979 
148 185 277 443 452 512 547 662 994 
0 108 162 274 759 829 925 977 
24 115 219 292 315 664 700 855 994 
128 157 174 353 413 417 437 530 612 649 668 748 804 823 986 
62 162 274 296 329 331 335 386 407 408 604 776 852 911 929 991 
119 211 222 278 353 356 561 637 894 
7 61 188 220 580 678 769 794 815 840 
24 68 237 295 313 362 588 699 724 860 901 
36 238 302 325 354 413 611 644 731 
194 210 320 377 443 446 522 556 560 673 
69 91 109 196 296 417 573 641 670 753 899 927 982 
175 178 321 342 428 629 750 793 808 822 931 
64 109 406 414 416 450 503 706 871 
92 131 246 261 284 358 368 389 645 680 771 954 
84 137 379 577 727 885 
42 163 206 636 661 704 752 961 968 989 
60 128 263 364 530 693 783 827 909 
40 166 197 261 347 350 413 485 591 619 812 969 985 
126 153 155 158 203 255 256 472 629 630 694 721 723 776 960 981 986 988 
14 33 166 172 289 344 395 398 615 769 967 
47 169 348 493 495 542 560 597 618 640 705 743 761 768 900 992 
53 54 171 342 385 419 547 641 746 
267 410 542 849 880 
1 29 208 212 370 647 694 
31 114 169 215 601 693 712 774 969 
48 164 170 181 212 223 417 577 734 898 972 
5 27 42 68 155 250 275 328 409 440 556 650 689 783 
68 256 411 416 666 742 853 
99 434 606 635 636 666 667 687 924 
40 62 68 167 248 351 459 609 885 895 917 975 
32 186 304 328 444 653 730 780 852 
34 66 161 326 335 368 439 658 693 731 738 827 904 959 
21 126 190 308 344 360 556 638 665 667 935 963 994 
84 119 144 199 238 262 616 619 768 793 908 
41 56 81 166 226 311 328 353 403 748 942 
75 251 396 693 803 874 
31 73 80 187 222 433 620 667 670 738 746 
11 39 114 242 303 310 354 536 559 625 715 760 796 827 854 943 946 
147 329 442 470 485 566 589 701 880 915 
195 321 437 499 506 776 
81 89 125 292 313 380 385 670 684 753 928 946 
30 57 59 72 114 263 429 583 640 706 771 801 
28 92 259 324 349 461 538 585 745 754 788 860 878 910 953 985 
66 83 113 177 208 219 446 577 604 665 863 891 899 943 
54 81 83 95 594 636 648 786 879 904 
34 98 219 364 390 617 631 672 695 714 820 838 871 956 
133 286 338 411 622 
74 459 572 606 632 779 803 856 
94 268 458 626 746 986 
10 55 120 218 229 289 476 634 979 
154 217 228 507 552 673 783 891 
194 394 416 610 
35 50 69 80 436 455 473 709 880 
2 98 287 357 386 444 645 671 772 785 848 896 905 921 979 998 
110 142 247 340 344 355 389 398 467 563 659 878 889 945 
13 262 430 573 630 644 801 804 927 
40 49 178 260 309 485 589 618 699 703 712 744 796 893 
208 342 362 383 458 542 648 730 819 933 941 
50 78 237 289 538 734 913 
6 602 636 677 723 748 784 861 872 885 894 967 
1 63 71 178 204 346 399 550 623 665 671 862 
76 85 162 372 760 789 
53 97 244 267 311 396 397 441 510 528 626 744 783 816 
77 118 272 343 412 416 490 580 633 888 
95 331 632 741 781 898 927 
55 177 258 309 333 365 385 490 533 560 794 827 909 914 
25 139 295 340 422 825 977 
97 336 459 490 527 562 697 763 955 974 
198 277 385 483 824 869 
55 142 619 886 923 
30 77 93 537 543 580 694 698 754 825 877 
6 129 183 208 222 334 421 517 667 879 942 
58 126 164 409 453 828 862 964 
0 117 148 302 514 535 649 990 
63 98 115 236 243 564 673 735 774 834 854 911 923 935 937 
32 149 226 417 504 740 818 985 
112 161 515 621 631 686 760 835 876 947 
13 330 581 586 638 692 806 809 829 998 
286 427 537 548 550 899 
11 320 512 575 602 604 663 674 716 818 927 959 984 
33 75 144 149 224 285 296 317 378 397 423 427 590 611 661 781 785 840 977 988 
47 152 187 345 398 512 966 
241 339 351 441 788 851 887 950 959 
168 322 373 482 526 567 573 598 881 994 
75 175 238 301 335 423 591 598 713 887 943 
5 93 164 168 478 764 823 
57 177 218 315 443 672 713 900 
109 169 208 329 405 467 674 740 789 836 
143 218 307 466 515 518 569 693 705 726 782 958 
12 15 320 441 479 519 529 619 755 763 775 800 955 
145 148 170 182 234 407 549 683 834 866 901 915 981 987 
8 65 179 236 328 366 724 832 975 
29 61 97 164 411 436 582 602 
78 83 195 261 469 476 622 833 911 975 993 
173 196 332 430 440 784 891 
3 591 614 664 782 887 
63 136 252 316 473 508 775 800 810 897 922 929 
10 152 294 355 457 533 545 604 708 786 938 997 
8 111 214 394 580 719 
230 301 586 666 686 709 785 995 
165 258 273 286 423 448 554 785 
115 317 409 487 532 557 619 639 648 781 789 827 909 
10 154 164 296 407 417 464 490 620 747 898 
18 48 59 252 325 420 442 460 469 589 738 783 960 
35 69 96 98 154 212 289 342 396 409 430 665 776 839 
37 43 202 222 276 492 541 618 820 888 892 
83 95 176 186 261 463 665 716 735 739 767 
34 75 94 126 191 436 502 673 751 828 
39 213 263 273 297 434 458 581 585 594 685 687 904 964 
81 275 502 572 622 893 916 
108 121 316 709 718 776 825 
212 234 353 366 393 419 436 467 500 693 870 
129 303 304 547 755 888 
279 287 523 542 669 721 892 900 901 945 967 
17 51 129 185 220 233 340 503 581 618 642 817 931 983 995 
1 350 628 973 
49 289 477 620 809 993 
247 422 455 534 622 757 758 764 865 876 893 948 
37 107 127 267 293 465 573 615 661 723 917 949 
175 253 301 325 472 625 644 726 915 
47 50 194 202 244 387 454 590 641 742 816 
95 185 427 536 583 634 679 743 
50 188 427 451 591 728 796 843 888 937 
30 78 122 149 154 232 392 530 542 599 694 728 
560 631 714 792 859 958 
19 115 223 283 333 372 387 410 561 587 599 643 842 848 893 
37 140 159 473 557 653 711 721 733 
82 144 280 287 364 560 758 773 873 980 
211 255 258 281 450 492 588 595 840 892 914 
8 115 337 378 409 415 503 583 818 859 919 941 
21 90 181 583 648 782 907 
119 453 545 552 594 
95 192 347 430 444 589 635 793 798 979 
17 78 120 173 210 221 227 302 335 424 471 481 506 507 788 815 817 877 912 963 
44 151 356 515 661 963 
231 255 352 690 768 859 910 
89 419 572 670 690 
3 51 176 275 552 559 867 905 926 
150 159 161 237 276 353 436 559 639 
32 168 261 352 395 443 619 661 783 808 902 954 
220 310 311 386 454 489 518 625 627 698 789 802 816 827 
45 76 89 175 237 377 391 396 541 559 622 725 749 799 876 891 
158 395 445 459 476 509 633 949 
168 181 290 305 334 390 470 513 737 780 
429 542 551 592 636 655 776 792 952 984 
19 112 268 327 464 505 631 879 
37 186 327 390 559 587 691 744 791 
25 71 342 427 532 604 639 851 926 941 
85 120 222 228 240 307 369 502 540 570 631 654 707 764 820 978 983 
42 243 462 476 495 762 837 863 926 982 
13 94 216 392 731 864 903 963 
38 319 328 513 673 677 
78 162 259 480 546 603 610 798 864 882 909 911 958 
531 555 901 
91 150 207 245 269 312 399 405 443 452 555 617 651 881 979 
207 383 388 624 778 784 803 869 960 
50 78 187 192 397 564 870 958 
47 569 590 699 746 799 845 850 889 986 
40 162 197 202 296 338 361 390 469 558 626 633 642 765 881 
5 702 902 
87 96 191 197 322 349 371 375 397 401 403 461 541 550 668 682 740 876 902 
79 121 265 337 432 479 527 627 668 815 961 977 
33 456 488 560 835 926 942 968 
61 171 236 267 268 344 390 466 750 839 892 
105 185 274 735 825 
199 286 435 457 464 477 527 603 664 723 988 
155 289 394 412 471 556 680 684 756 767 803 980 
23 53 114 131 216 328 353 503 752 889 
38 130 252 514 562 695 811 
1 89 126 140 213 236 255 409 508 544 680 758 795 802 807 954 
141 145 267 300 353 449 539 645 697 726 765 787 870 912 924 
84 337 368 433 483 565 718 887 
60 200 254 412 474 484 567 637 734 896 
75 130 141 144 379 494 599 617 657 675 705 714 717 873 974 
9 315 324 402 430 545 618 839 918 
59 89 105 125 184 254 322 379 551 556 765 
2 19 340 488 696 700 790 825 854 954 981 
151 209 394 545 669 794 804 940 
209 234 427 428 452 469 535 553 603 899 916 920 
40 220 245 326 332 398 487 578 579 729 
56 95 127 185 219 523 625 727 805 848 965 999 
219 231 349 398 498 524 572 688 
21 41 193 273 284 470 655 756 779 808 983 
39 103 200 430 584 616 711 956 984 
40 72 361 386 454 483 585 609 624 706 817 843 869 948 
250 648 692 706 789 831 
20 42 444 466 635 638 748 782 818 865 934 968 975 
127 162 234 374 387 411 449 536 547 685 858 877 984 
349 355 756 
39 99 252 278 316 340 865 869 921 
2 59 232 248 565 571 579 604 720 964 985 987 
50 107 116 716 730 841 901 
199 202 454 728 757 814 880 932 994 
23 118 190 451 473 579 581 760 772 833 854 886 909 921 966 
39 172 607 865 902 924 934 
12 15 53 174 367 719 747 807 975 994 
82 95 519 588 591 668 705 748 794 
9 29 37 64 219 243 447 542 544 623 820 866 
99 168 228 273 286 340 374 448 792 806 810 862 980 
54 469 698 720 775 800 827 829 865 993 
215 336 492 563 638 692 751 814 
38 229 404 543 617 648 971 
11 212 505 600 691 729 826 915 
53 129 140 148 297 372 449 453 508 679 747 751 995 
35 36 78 115 243 380 623 
115 170 180 233 278 362 418 454 540 545 
49 158 292 817 852 870 906 
110 131 166 329 391 491 527 576 631 663 788 833 
85 147 170 233 366 402 409 699 791 953 
508 592 646 728 867 936 967 
70 82 180 693 733 794 
141 213 356 853 926 
70 110 265 387 518 624 
31 140 384 426 448 457 467 490 542 586 677 
32 268 274 414 542 699 763 889 914 917 945 
36 299 529 634 700 865 896 903 931 949 959 
84 138 429 444 479 642 730 769 868 969 
11 21 42 56 198 237 387 466 525 535 661 751 764 787 853 857 
6 110 114 203 302 467 529 632 693 743 820 908 932 
44 50 96 176 286 328 363 478 567 626 659 778 784 809 929 
50 79 241 426 732 891 
154 361 377 553 605 658 714 815 829 
47 64 257 307 357 392 412 457 613 761 856 935 972 
75 79 517 634 664 671 686 688 734 837 948 968 
194 206 242 568 663 682 719 727 776 799 887 
48 126 395 707 727 767 770 928 999 
67 101 161 186 313 416 488 524 575 713 753 
10 316 403 626 743 808 858 
16 105 116 269 386 404 521 638 711 784 983 
112 181 258 290 338 386 610 630 755 758 
97 127 142 219 220 244 287 292 365 422 648 843 912 968 978 
159 194 417 540 566 711 749 770 816 849 956 971 
11 223 298 372 390 646 654 703 748 762 767 912 
45 215 420 438 444 514 608 621 766 780 864 921 
445 481 531 589 702 799 951 
7 31 93 303 741 850 903 908 928 932 
0 68 100 161 331 623 664 683 837 844 918 929 943 
56 195 209 418 419 501 589 811 906 940 
79 93 145 169 419 480 482 492 662 870 923 997 
143 996 
157 363 540 617 728 849 859 
94 265 335 473 476 519 532 693 735 843 881 886 
62 93 311 347 362 363 373 401 427 440 651 714 716 798 944 
27 35 54 121 295 356 407 525 701 774 911 
61 187 208 223 298 439 548 929 987 
7 86 208 233 331 471 499 537 538 637 730 736 760 787 789 903 942 
42 47 125 385 483 554 777 884 971 
114 196 224 474 542 650 661 668 694 739 750 801 810 
108 142 169 320 348 384 424 644 651 669 691 787 791 
82 109 111 543 643 922 975 
4 46 166 316 469 567 702 813 833 836 859 861 867 917 933 935 
9 121 126 298 337 452 703 835 860 861 972 
136 176 335 354 509 696 883 
10 34 172 247 267 356 473 611 624 654 729 751 768 866 893 
191 318 462 494 685 737 791 
19 61 282 388 397 444 447 456 481 
46 328 838 979 
414 425 466 591 804 920 954 
19 40 163 191 204 290 350 430 611 722 779 946 
111 128 188 476 701 932 961 
167 290 296 304 365 529 564 632 729 803 943 962 
36 59 109 218 270 303 358 487 494 530 569 579 745 763 801 886 
23 54 172 180 218 261 629 650 869 966 
212 213 497 646 698 740 813 847 887 892 942 966 
26 81 97 98 140 159 275 318 467 542 599 645 718 785 883 949 
45 46 168 220 274 300 336 381 515 701 780 846 
45 197 222 492 507 896 910 
85 125 141 282 535 615 635 726 730 746 874 
8 217 360 461 484 540 632 693 758 775 
66 494 512 528 566 650 905 991 994 998 
76 158 226 333 425 690 736 752 825 968 
86 127 195 260 390 493 594 698 
131 230 448 489 493 732 736 785 
187 276 349 408 444 635 670 810 932 983 
40 127 242 468 516 633 749 791 855 963 968 
121 143 247 394 553 610 742 802 
7 36 277 347 414 447 924 955 
114 124 154 252 264 284 329 536 629 707 710 779 794 838 979 996 
25 37 44 52 132 216 374 484 618 692 
7 73 162 171 194 257 295 348 401 410 563 637 754 799 811 853 875 892 972 
18 26 139 206 277 365 482 616 683 713 805 827 
68 121 221 256 304 347 382 425 577 602 612 623 683 
3 191 193 409 532 700 909 
230 351 411 479 608 656 790 963 972 984 
379 501 582 763 789 809 846 868 880 944 970 
6 33 35 56 88 367 446 538 862 971 
1 63 119 441 593 649 687 851 911 
30 166 266 300 306 329 380 381 483 488 671 777 809 818 841 901 952 
97 265 445 466 662 817 862 939 
12 270 447 506 584 797 
9 12 139 222 246 307 316 436 451 598 769 779 928 959 
19 41 106 336 337 434 477 688 
25 58 417 466 512 551 675 709 876 900 964 
178 190 274 443 557 628 647 708 805 986 
105 251 410 690 695 757 799 840 887 894 
24 265 647 995 
65 186 209 391 485 
104 431 474 640 674 687 795 846 899 968 
2 36 37 93 138 198 408 517 521 552 558 627 736 770 880 911 
6 109 274 539 696 734 751 874 912 
114 119 220 272 292 426 494 573 700 809 818 951 963 997 
35 168 185 373 605 617 686 717 726 755 797 815 895 911 934 950 
47 56 106 395 437 863 918 931 984 
25 88 248 371 495 544 594 787 997 
111 134 180 198 220 242 314 325 356 521 561 605 693 696 753 797 951 
86 101 184 374 444 461 469 489 560 671 749 917 
24 325 383 648 
94 250 565 624 693 700 790 810 862 
177 245 268 334 391 435 516 854 904 
130 410 432 667 735 749 867 912 930 
26 96 309 350 414 461 544 550 754 828 930 961 
34 64 96 151 292 327 397 534 571 582 640 662 706 730 742 761 773 892 978 
23 57 154 533 577 703 713 769 
57 133 326 438 703 834 939 
45 105 165 315 561 684 701 941 972 
7 169 184 359 389 575 576 603 605 915 947 
32 95 337 385 447 652 670 895 
252 419 544 642 647 673 683 689 772 809 895 942 978 
41 209 442 530 682 734 789 800 923 
138 157 430 455 516 713 745 825 
486 517 692 705 738 845 880 
31 256 376 399 597 930 
298 314 468 486 551 840 878 891 960 962 
18 121 141 170 368 464 580 791 847 872 891 975 
3 19 106 109 192 574 669 676 
15 114 183 246 413 415 494 500 552 898 960 982 
166 231 308 326 329 428 487 511 625 728 837 993 
32 85 211 302 432 462 491 749 
340 445 487 554 803 870 948 
26 54 65 149 285 295 380 502 564 710 814 907 
63 214 312 375 384 592 624 735 740 813 878 886 904 954 
254 292 338 441 690 797 910 
302 310 470 515 588 640 678 799 823 853 946 
4 28 148 324 395 594 613 720 800 965 
61 400 477 533 594 695 714 796 812 
31 145 272 372 433 821 863 925 
475 551 645 708 713 738 889 949 
47 79 154 242 356 587 610 812 
61 216 344 350 452 467 528 596 628 861 925 
26 115 256 386 452 760 812 950 
34 307 600 626 923 944 955 
338 364 401 506 553 693 735 881 913 
84 125 149 220 243 443 503 511 521 535 796 873 897 935 969 
212 322 607 673 775 790 936 
28 92 96 495 615 918 922 
148 218 266 351 388 441 459 489 611 651 958 
103 159 284 306 431 447 495 512 579 651 675 699 721 988 
42 43 44 106 128 143 187 229 301 329 373 431 444 514 612 657 943 954 973 
108 115 142 164 196 203 239 257 284 286 349 478 570 634 666 819 934 966 
99 109 192 197 247 469 491 615 638 763 786 840 
82 195 379 488 676 708 728 773 995 
24 27 114 167 251 385 417 778 898 
0 2 26 66 198 284 466 608 635 724 745 860 951 
301 501 545 559 676 803 983 
93 501 566 575 578 587 613 706 748 783 969 977 
6 37 60 75 325 408 424 519 886 915 
9 278 324 351 373 440 494 540 556 602 801 840 874 916 935 947 953 
66 335 376 397 412 572 840 852 862 921 
214 228 273 298 313 322 328 468 476 511 583 596 767 779 781 857 
220 292 306 333 367 484 536 566 683 742 758 
22 103 135 156 259 595 718 746 832 873 996 
28 39 63 207 266 556 621 637 775 790 864 877 
98 141 618 701 783 824 881 884 
18 41 391 459 529 545 561 620 783 893 910 941 968 970 
107 378 402 431 444 452 543 705 765 946 
56 141 261 281 340 427 438 447 481 
347 354 442 473 523 650 
189 371 382 552 759 817 857 938 
92 450 605 728 840 843 
6 52 103 134 150 429 524 782 800 983 
42 49 60 279 286 347 590 651 772 872 
38 125 306 330 336 343 428 459 510 538 579 593 609 663 673 755 791 828 865 895 
153 202 204 231 322 790 845 892 964 
241 379 405 460 472 578 646 676 699 875 881 895 981 
226 273 381 443 518 854 876 884 888 980 
224 283 670 716 896 988 
15 24 57 126 204 344 436 505 552 617 636 
12 230 235 275 307 602 625 672 699 701 894 998 
60 79 120 204 331 391 499 512 824 832 873 929 
32 60 86 212 353 379 484 541 947 970 980 988 
68 114 145 172 174 403 521 526 820 831 943 
124 553 572 631 649 675 835 
26 57 265 369 659 
35 96 99 331 358 375 457 512 520 540 559 635 685 723 887 
7 103 148 507 989 
156 172 250 401 598 670 742 863 
8 9 210 273 279 288 445 500 551 709 748 893 980 
64 80 207 296 301 345 358 386 649 745 792 916 
53 188 254 347 423 458 632 693 832 893 899 
5 36 287 295 302 417 418 467 725 736 766 792 858 888 923 986 
52 145 193 466 908 963 
153 336 340 412 711 761 968 
6 609 747 956 
23 105 322 357 404 496 530 822 937 981 
16 66 124 173 349 498 538 552 563 689 783 
22 62 139 161 504 727 790 841 842 849 869 982 
49 307 376 380 608 700 895 971 
126 255 418 533 680 918 967 
47 217 311 351 903 
62 403 411 419 478 615 696 800 
245 251 315 360 449 529 564 569 785 905 
15 17 158 200 238 359 488 614 650 736 858 903 928 967 998 
26 67 100 160 300 495 530 604 627 757 864 884 
194 276 317 328 346 370 375 594 710 827 
129 137 226 526 542 640 651 665 868 
134 177 204 228 253 313 424 435 453 487 492 898 935 
332 372 404 545 573 793 881 957 
29 65 159 201 517 688 821 873 
13 63 66 136 274 757 779 832 
135 624 901 
293 432 479 510 623 666 713 740 977 
59 173 194 221 223 257 495 520 654 793 818 824 863 876 900 
1 266 269 472 484 497 546 577 679 911 949 
128 202 265 338 567 592 603 795 822 863 
44 50 109 138 480 499 505 515 615 640 663 814 825 982 
186 252 326 652 693 700 788 933 
162 170 188 282 427 464 499 677 767 
72 482 561 699 927 
149 179 272 314 326 372 411 416 426 576 694 823 906 983 
24 58 158 310 326 450 740 744 839 936 962 
39 280 325 621 900 925 
114 304 463 545 689 711 737 996 
91 313 483 569 630 734 755 799 811 874 879 
13 74 126 265 485 541 582 651 654 731 847 
62 157 167 217 353 443 521 606 730 870 947 971 
55 149 252 274 322 355 384 561 562 845 927 
45 87 128 139 151 212 317 409 417 455 482 484 663 769 811 874 
325 516 632 675 790 865 952 
344 376 471 493 584 746 785 833 923 972 
41 118 164 458 569 645 691 722 860 929 
18 75 82 91 145 440 696 717 822 977 
0 125 129 251 308 335 337 448 549 589 616 862 904 983 
102 226 291 427 538 551 737 823 883 
301 304 541 603 629 824 916 
95 436 515 612 705 881 988 
59 85 221 280 339 361 404 
24 118 168 209 581 612 678 879 
9 130 150 178 240 287 483 561 625 642 700 864 877 893 
17 152 200 551 585 741 800 
346 367 378 449 513 581 609 677 742 976 
12 28 78 242 250 414 465 494 502 703 720 789 846 851 982 
56 68 103 218 298 407 450 453 688 739 794 817 825 881 997 
101 226 357 367 430 523 639 683 758 764 834 
440 556 656 931 944 
29 165 367 434 564 595 672 709 896 994 
155 285 374 479 550 814 886 
220 287 325 472 489 542 636 720 739 963 
37 60 306 328 429 596 652 806 867 926 
11 20 181 346 383 463 499 526 528 636 658 687 693 751 
70 83 130 215 237 273 788 
14 185 224 239 464 538 721 870 990 
157 254 258 391 538 557 563 613 906 957 
20 49 186 308 466 803 894 
107 190 226 460 570 657 664 804 844 875 
17 63 101 224 285 497 655 677 731 986 
84 248 350 486 582 675 697 825 829 855 942 961 977 986 
41 73 134 257 329 481 614 655 816 973 
27 202 262 485 573 660 662 691 785 
70 141 218 271 729 813 891 
53 117 388 401 524 590 606 607 691 
53 70 87 242 271 280 506 567 650 765 767 789 873 942 
253 328 438 459 484 557 701 740 855 945 972 
9 156 404 498 556 681 697 704 803 856 880 
205 244 309 456 739 930 963 
77 91 121 166 234 237 545 626 924 963 
158 545 556 755 798 961 
3 104 141 248 556 637 652 
80 158 293 365 388 444 570 669 800 
119 128 375 558 614 783 925 932 989 
106 246 303 321 516 819 974 
47 113 159 311 341 422 480 653 665 711 847 883 930 
147 438 525 622 709 
3 89 134 165 288 345 641 678 820 836 859 939 995 
30 40 64 174 574 655 674 683 823 846 877 935 
43 197 296 477 824 851 937 
256 268 354 432 446 589 633 740 800 871 976 
