0 0 
5 
7 9 
0 0 
1 5 5 2 
10 10 
6 3 6 5 3 
5 10 
5 2 
5 3 
2 3 
8 6 9 
7 
6 
6 10 
7 
10 8 5 
3 1 6 
9 6 
0 0 
0 0 
1 8 
10 
9 
9 
0 0 
8 9 9 8 
7 9 6 1 2 3 
8 3 5 1 
7 
1 1 
2 9 
9 7 5 7 2 
10 
5 8 
4 
10 5 
0 0 
6 8 
6 
8 1 
3 9 
3 8 10 5 
7 
2 2 1 
2 2 4 
10 4 10 
2 
3 
1 4 
3 
0 0 
2 8 5 
8 7 
7 6 
2 4 10 9 7 3 
9 
5 6 
2 7 2 
9 8 1 9 2 5 
8 
1 4 
2 
7 3 
7 3 
4 9 4 
0 0 
3 9 2 1 
6 
5 9 3 
1 9 2 
8 10 9 4 
9 6 5 
7 3 9 7 9 
10 9 
9 1 4 
2 10 
1 2 2 6 
0 0 
10 6 
9 
10 9 10 9 
1 
2 7 9 2 
0 0 
2 
4 10 
6 5 7 
10 
0 0 
5 5 
5 
7 5 
9 
4 
5 
9 
1 7 
7 1 3 
5 3 3 10 1 6 
