35 84 87 92 
56 60 81 95 
25 37 49 52 84 
16 27 59 
1 34 43 47 63 67 85 95 
7 75 
1 2 13 14 21 26 27 32 43 46 60 62 
5 13 32 41 54 74 
32 43 54 61 83 85 
23 79 
16 27 51 62 84 
1 7 8 24 33 
14 74 91 99 
17 23 81 83 96 
33 50 57 69 
3 16 30 40 75 76 77 83 89 
3 41 47 58 72 78 95 
2 11 24 38 46 48 56 73 91 94 
5 24 
21 63 
0 21 57 73 
1 48 51 
63 64 
1 18 39 47 53 81 91 
2 34 
15 28 53 87 
0 18 21 29 38 47 48 52 62 73 84 
26 48 88 99 
1 5 11 17 48 49 70 
10 42 92 97 
1 2 13 47 67 70 95 
2 12 19 42 62 63 
12 26 72 73 
34 40 52 60 64 
63 81 89 94 98 
18 21 62 74 93 96 
18 51 73 80 
7 20 43 67 68 74 85 98 
14 38 48 68 
20 23 29 39 45 56 
4 12 13 26 72 98 
14 18 33 39 47 50 72 
34 65 85 
7 9 10 13 52 63 68 72 
7 20 32 36 39 78 89 
16 27 57 
5 44 64 90 
7 16 24 33 40 45 58 64 
46 60 97 
16 28 56 99 
0 70 94 95 
21 23 24 30 34 54 62 63 72 
18 72 77 80 86 
5 21 30 35 38 57 60 87 89 
2 20 25 43 
2 8 36 56 75 
12 17 26 40 43 57 81 96 
47 48 54 60 71 72 
4 20 22 47 51 67 78 89 
15 33 50 77 
2 14 39 45 64 
1 27 95 
5 22 32 44 74 86 
5 11 31 62 65 72 84 85 88 
51 86 
3 4 7 12 14 23 29 35 56 86 
7 14 33 81 
8 39 63 94 
2 16 37 51 88 98 
21 53 54 55 97 
2 5 61 67 91 
1 8 24 35 37 45 56 57 86 
24 25 65 69 82 
28 51 59 70 
4 11 12 34 36 68 98 
2 22 45 52 67 99 
24 64 70 76 
10 88 
9 69 82 
2 12 15 36 51 67 
0 27 74 75 81 
10 17 52 
8 85 86 
16 44 56 62 74 
9 17 32 43 59 66 
0 0 
18 30 44 79 83 
48 95 
10 51 92 
18 43 83 
0 5 12 24 26 44 49 90 
56 67 
19 22 35 37 62 99 
1 13 15 35 43 44 47 60 65 89 
18 34 54 55 87 
3 8 12 18 22 29 35 43 68 
6 14 18 37 45 48 74 81 95 
38 45 
25 41 45 48 81 83 
31 39 64 76 93 98 
