0 0 
65 
1 44 
0 0 
48 57 78 82 
11 23 
20 31 32 84 86 
58 67 
60 83 
13 54 
10 47 
36 42 70 
51 
11 
25 76 
63 
24 25 94 
27 59 68 
35 69 
0 0 
0 0 
26 71 
18 
92 
13 
0 0 
9 34 68 81 
3 11 20 29 30 45 
11 33 73 84 
61 
1 90 
64 67 
0 10 17 40 60 
11 
65 69 
96 
27 85 
0 0 
24 37 
94 
50 56 
45 58 
31 47 51 86 
71 
46 48 93 
4 83 85 
24 35 62 
53 
87 
0 13 
88 
0 0 
33 59 88 
22 89 
49 52 
5 14 33 36 66 98 
89 
17 95 
10 24 27 
34 43 48 59 60 92 
71 
28 73 
11 
28 96 
24 34 
17 73 93 
0 0 
22 27 46 74 
34 
2 61 85 
40 61 75 
23 46 78 79 
23 89 95 
19 66 68 88 89 
57 99 
3 16 95 
6 50 
8 38 87 94 
0 0 
16 57 
57 
17 30 61 64 
52 
27 35 64 71 
0 0 
41 
22 34 
6 22 29 
94 
0 0 
15 63 
61 
78 85 
0 
45 
18 
30 
50 82 
29 35 43 
7 15 48 51 77 99 
