0 0 
0 0 
2 45 
0 0 
0 0 
16 29 
25 36 37 89 
74 
67 90 
62 
56 
52 80 
0 0 
22 
36 
0 0 
39 
8 41 
51 
0 0 
0 0 
43 
36 
0 0 
0 0 
0 0 
29 54 88 
24 54 69 
35 57 97 
86 
0 0 
96 
39 46 69 
0 0 
0 0 
0 0 
29 60 
18 
0 0 
0 0 
29 85 
81 94 
67 83 87 
0 0 
84 
44 
78 
97 
0 0 
45 
0 0 
0 0 
0 0 
7 71 
38 
2 85 
52 
72 
50 65 79 
0 0 
0 5 18 50 
0 0 
72 
0 0 
58 86 
0 0 
37 
87 
0 0 
0 0 
31 55 
10 31 
0 0 
65 96 
43 66 67 
35 77 
0 0 
91 
21 
0 0 
1 
43 
17 48 
0 0 
55 
0 0 
0 0 
28 
17 
90 
0 0 
11 59 
0 0 
75 82 
0 0 
43 
16 
0 0 
49 
29 35 
