18 64 
0 0 
18 31 65 68 79 
34 97 99 
1 41 43 75 79 97 
98 
0 0 
32 55 
8 22 37 64 66 91 
0 0 
49 78 
38 
54 
33 
32 97 
33 55 
3 48 
58 70 80 
43 55 71 96 
32 
0 0 
22 88 
91 
0 0 
52 76 
0 0 
5 26 97 
24 26 
37 87 
7 41 
0 0 
71 
41 49 65 70 
11 
54 67 
49 74 
0 0 
25 
18 19 62 87 
7 36 79 90 
0 0 
60 87 
18 81 
21 51 95 
12 27 55 
75 86 
58 82 87 
30 64 
40 67 85 
37 44 65 
25 53 
4 53 59 91 
64 
0 0 
79 
3 93 
9 
56 
0 0 
0 0 
13 49 
46 48 74 
0 0 
5 11 
69 78 
81 93 
0 0 
0 54 
14 40 
9 
26 39 93 
11 
3 5 65 92 
50 93 
11 68 
40 89 97 
0 0 
72 77 86 
61 
24 58 
11 33 65 69 85 
9 91 
0 0 
21 89 
45 46 49 62 
7 33 74 75 
74 
0 0 
66 78 
67 
3 45 54 
5 93 
35 72 
28 33 83 
36 
7 97 
0 35 
18 29 95 
0 0 
53 
