18 24 42 62 
9 12 24 83 91 96 
4 9 12 21 35 54 57 68 
17 22 85 87 89 
14 28 30 62 66 84 85 91 
26 40 44 80 
12 82 
12 35 50 56 86 99 
8 14 19 40 42 61 66 68 96 
78 81 
5 19 48 69 76 
6 30 79 
17 19 21 24 35 39 55 76 82 90 
55 68 75 82 86 95 
36 49 60 67 75 82 
4 9 51 57 71 94 
30 53 89 
1 5 12 16 17 20 27 82 94 
5 9 34 35 69 
0 19 38 87 
31 52 53 56 69 
17 62 
18 35 69 78 
66 69 75 99 
28 
27 45 47 92 
17 29 40 42 44 47 52 54 64 68 
28 29 38 47 57 59 65 69 93 
3 12 20 45 51 
20 31 37 
2 30 53 62 67 80 
36 44 60 65 
6 55 76 90 94 98 
1 29 42 55 63 98 
19 34 46 58 
23 36 63 71 84 
4 81 96 97 
40 57 63 67 76 82 88 
10 36 52 58 62 
44 57 
13 29 47 55 78 84 
48 88 
8 17 28 47 58 70 72 74 89 
17 21 23 37 
34 45 
6 16 40 45 84 87 
21 46 48 63 84 93 
20 24 33 36 53 62 86 93 
2 13 29 72 
0 3 27 33 48 67 96 99 
1 2 32 54 
4 67 90 
0 70 96 
14 30 37 69 
5 11 15 21 22 38 39 51 61 83 
11 80 
17 36 60 77 
87 93 
7 30 66 75 97 
16 22 59 61 85 86 
8 10 49 59 94 
12 18 19 22 56 63 86 
39 70 79 80 
27 69 79 83 85 89 
26 64 69 93 
40 46 58 87 97 
3 29 98 
14 50 60 74 75 82 92 99 
7 20 74 92 97 
2 9 15 16 38 50 54 62 75 77 
4 14 25 34 61 85 86 88 
16 33 40 57 65 74 95 
14 22 28 70 99 
29 47 52 54 64 
51 54 91 
25 30 39 
14 26 29 39 64 73 79 81 
2 4 23 39 55 77 95 
8 12 28 52 87 
33 65 77 96 99 
4 38 39 48 55 58 
22 51 53 72 75 76 79 92 
37 63 
4 5 23 29 69 
0 2 3 5 19 59 60 74 
7 8 19 30 38 58 60 79 91 
2 48 78 84 96 
12 25 53 62 76 78 
11 57 79 93 96 
38 75 
9 12 29 34 62 83 
36 
0 6 8 47 84 93 96 
30 89 
13 24 26 28 85 87 
8 13 28 45 71 
0 21 38 
18 69 89 
2 28 
9 12 55 67 75 
