39 129 282 361 397 525 598 
83 84 154 191 406 432 458 529 571 586 625 823 886 955 
65 176 320 352 518 614 671 744 907 922 979 981 
59 250 559 591 611 711 773 782 837 
40 81 157 207 404 532 546 745 818 861 909 932 
81 137 241 279 310 326 357 481 523 568 823 
45 157 169 319 382 405 430 441 458 678 694 800 
240 276 288 349 377 420 454 534 546 550 590 610 628 735 914 
206 325 371 614 643 700 818 879 920 954 990 
116 153 633 682 773 807 959 
126 190 441 485 608 698 712 824 943 980 
410 533 558 698 822 877 902 974 982 
45 171 264 287 305 405 419 432 462 521 534 669 697 704 928 939 
31 73 74 172 208 260 377 582 610 745 808 868 971 
21 88 325 408 731 948 
35 96 200 212 270 328 366 553 611 839 
482 612 621 704 920 
28 44 49 124 189 443 869 916 959 998 
75 160 250 430 448 461 508 845 969 997 
77 179 307 476 584 639 836 899 
122 418 509 625 780 794 
179 253 256 326 345 351 573 986 
390 452 684 821 896 922 
22 118 181 226 309 350 517 708 742 743 881 980 
5 14 40 109 135 158 304 369 384 544 
7 26 132 185 201 243 247 256 325 517 620 671 711 944 980 
46 161 178 268 422 532 719 773 841 942 
56 75 232 244 395 497 607 694 709 
80 89 118 141 280 300 483 512 538 578 602 622 800 817 993 
53 69 127 198 774 777 868 
37 158 251 352 365 723 736 901 
16 299 340 505 594 683 739 955 973 
231 254 295 364 436 713 722 798 846 
39 110 211 268 342 409 446 620 690 692 704 733 782 988 
476 487 528 653 713 784 811 843 952 
343 412 421 493 525 571 591 592 610 625 755 839 865 955 
146 387 533 817 857 864 995 
75 84 169 567 646 766 
254 354 372 386 425 611 706 780 863 947 
96 251 282 384 398 472 563 574 633 786 870 883 931 
104 180 279 372 824 894 920 971 
38 143 165 166 320 367 534 639 979 
62 162 219 234 293 368 481 508 590 669 689 797 908 950 
121 248 460 528 603 793 900 
0 128 154 190 207 229 232 486 541 897 933 947 
43 266 315 420 508 517 531 546 789 910 
88 89 138 315 536 551 786 825 870 892 910 991 
27 109 216 254 515 573 977 
212 323 508 566 573 577 691 733 
143 156 183 243 250 363 529 753 
34 128 317 392 536 558 648 683 
111 342 407 472 545 648 666 717 748 894 
244 254 266 268 285 360 406 422 518 534 565 764 804 
137 231 322 464 532 610 904 983 994 
116 401 423 564 619 647 661 720 821 869 948 
4 146 197 517 631 672 978 984 987 
69 196 216 270 330 482 590 603 673 968 
19 78 132 180 338 405 864 
24 33 40 440 477 506 538 564 785 900 962 
247 312 319 868 
165 265 323 476 536 560 634 706 
91 235 595 833 929 
63 153 184 420 461 489 526 612 623 662 
19 55 63 234 277 391 396 448 630 665 712 717 758 878 919 
282 352 405 536 568 583 682 716 934 946 
40 110 198 473 496 500 827 911 970 
22 303 556 559 627 651 
67 194 232 237 413 663 710 842 902 929 931 
77 202 388 392 454 508 616 726 738 
132 167 175 181 189 283 563 796 840 851 871 
310 345 426 427 434 505 547 610 615 641 860 
400 496 543 634 671 860 
41 53 132 137 267 300 352 414 554 683 718 963 990 992 
96 147 182 251 382 465 540 580 588 738 742 801 
7 157 176 242 311 326 594 682 705 737 752 
111 112 800 815 988 
163 176 190 274 335 475 515 544 591 808 810 884 988 
10 82 85 122 170 496 749 810 896 984 
87 492 634 833 838 852 
15 130 242 617 794 975 
255 505 594 668 935 986 
135 148 458 546 566 598 662 710 793 883 
120 222 313 806 
142 307 373 423 522 753 761 902 
46 401 529 541 658 673 822 961 
92 161 246 317 502 588 592 598 664 848 915 916 975 995 
169 442 647 
68 120 450 690 723 798 
48 56 65 344 470 741 932 
85 198 222 239 468 497 592 605 631 913 931 
44 147 151 247 348 478 704 757 794 939 
55 280 346 347 435 521 750 819 906 
16 35 50 88 271 291 304 410 829 833 942 
87 102 141 179 397 544 956 957 
101 102 108 130 345 350 359 361 459 473 487 850 869 921 969 
89 125 266 296 395 525 707 732 758 977 
285 304 460 512 535 703 910 914 
7 32 63 254 267 309 320 343 488 521 538 
35 197 221 224 302 305 634 768 
38 66 156 177 219 278 359 696 727 735 894 950 953 
39 134 179 192 348 520 620 982 
344 420 534 715 822 987 
194 271 445 460 520 801 860 914 
253 278 339 410 411 469 517 558 682 827 890 950 969 
765 903 
117 478 597 830 862 
50 167 249 397 460 581 609 634 777 780 887 986 
55 249 287 485 708 726 867 
297 505 524 542 733 
358 370 437 657 667 717 764 810 815 930 
16 79 241 279 300 360 410 546 588 612 693 868 
134 258 385 432 634 911 
81 122 176 197 263 383 528 570 731 741 757 759 
18 167 297 574 589 713 720 756 781 853 
95 104 293 510 676 802 886 927 
54 226 262 831 896 
660 964 
37 109 203 270 276 452 476 488 624 690 724 893 930 962 
279 304 541 593 800 944 
34 176 200 220 314 471 516 521 577 606 630 645 670 768 792 863 906 907 
165 436 624 641 940 
69 124 468 481 619 636 658 727 850 897 899 927 
108 180 187 227 231 240 259 262 469 507 538 560 744 878 896 897 
58 417 618 689 722 750 762 781 799 
135 340 458 484 517 570 661 722 800 825 975 
229 484 510 719 
11 38 334 335 497 578 645 711 738 766 781 871 915 960 
27 186 258 427 468 865 
5 328 593 810 850 875 893 922 966 
116 458 516 521 551 595 716 802 864 892 918 959 999 
133 216 253 254 290 415 463 471 480 
16 35 147 541 659 940 
49 54 110 451 566 865 
61 102 192 622 703 
189 246 275 558 918 937 990 
328 437 449 551 569 615 699 709 768 888 
124 366 560 648 
159 325 339 456 513 556 660 749 861 
117 154 272 590 658 661 696 722 815 850 872 913 932 969 
18 88 123 140 263 381 396 419 479 761 824 862 901 909 956 976 
192 307 438 562 708 788 810 840 923 966 
180 298 376 636 679 857 903 
53 213 384 398 512 710 808 829 
61 103 119 229 305 391 516 923 
441 547 566 618 633 734 831 986 
394 424 546 577 730 744 
43 117 197 439 481 669 985 
20 159 298 364 728 867 
30 34 114 130 163 176 329 338 390 422 633 655 
4 76 211 240 275 445 466 738 
239 366 611 676 756 847 977 
81 129 194 406 479 856 998 
24 187 235 307 365 384 805 904 
219 372 448 580 608 621 773 810 903 
50 80 202 238 462 502 616 635 814 919 965 
77 261 272 515 564 592 614 770 840 962 965 979 
3 99 121 178 250 424 451 453 588 735 740 793 820 879 945 978 
19 191 333 377 423 545 600 663 745 758 774 959 979 
6 8 46 90 130 225 285 419 427 439 488 499 571 594 882 997 
139 246 319 521 768 824 910 947 
41 89 332 426 504 556 646 651 811 948 
26 139 210 223 234 246 759 922 
115 323 488 500 869 
135 184 228 233 249 422 465 520 644 672 808 966 
2 73 100 102 252 257 403 582 645 650 731 818 854 908 967 
52 76 138 199 429 444 627 660 746 773 775 849 856 979 
4 493 504 524 575 601 618 622 839 897 
494 552 695 814 821 844 856 892 989 
137 172 272 698 842 
32 127 460 462 509 610 632 941 
33 65 146 308 982 
143 326 416 453 489 670 678 685 893 
105 115 302 740 
22 93 105 185 213 334 406 688 707 723 784 792 793 989 
249 430 452 720 913 952 
7 529 554 671 712 773 851 880 887 961 
17 176 177 333 450 518 680 746 763 816 884 886 997 
33 37 61 122 126 131 339 494 543 644 690 720 765 858 871 926 
28 86 226 448 450 466 482 561 682 701 886 959 
41 86 437 598 611 662 810 
15 31 56 85 137 240 505 627 843 882 965 
88 242 292 460 658 680 684 686 
230 300 378 421 443 445 652 972 
107 209 262 281 573 646 787 988 
89 184 254 290 378 395 416 436 441 501 576 
95 99 144 272 377 458 518 721 923 
75 184 316 467 612 627 630 660 684 686 688 941 981 
76 258 389 414 475 523 559 585 601 652 745 913 972 
116 223 232 233 363 366 377 392 394 412 464 604 645 653 689 697 729 925 
29 49 294 327 369 627 678 868 912 
9 490 616 701 852 857 860 
235 244 349 496 501 519 537 558 670 771 793 805 975 
220 229 436 468 762 779 797 828 887 900 979 993 
45 89 156 158 297 305 311 406 473 544 564 708 947 
340 577 660 739 834 845 
47 81 159 252 452 487 501 536 579 621 670 684 695 798 954 
100 143 268 380 410 417 418 506 539 544 612 647 650 734 745 768 785 
227 270 308 510 626 848 858 980 
76 630 681 706 742 989 
73 115 210 363 645 699 777 878 961 
60 158 416 512 567 666 835 878 
0 52 74 182 227 233 334 469 486 487 559 566 625 700 837 
119 150 155 275 356 452 549 637 655 859 946 
52 250 343 351 433 484 502 802 926 
158 344 437 516 890 991 
238 317 371 479 542 585 589 694 855 
47 178 342 377 459 463 469 498 546 624 715 883 958 972 
133 302 414 573 576 688 749 850 898 
106 130 342 516 721 722 746 772 776 837 879 880 
199 201 203 288 299 766 772 823 865 933 
248 263 264 275 317 398 439 452 478 534 539 574 586 629 680 769 862 870 977 
5 182 224 442 446 629 735 740 
88 134 172 254 526 680 
188 220 229 256 258 304 392 590 666 667 991 
78 179 205 228 289 378 458 500 547 695 841 847 856 872 907 952 
140 374 383 418 547 836 963 996 
36 144 183 287 319 605 620 654 679 702 762 894 
253 325 570 581 701 751 779 882 907 959 
17 76 83 93 167 303 323 360 591 595 863 967 982 
43 84 275 694 757 872 891 915 934 969 
62 180 184 208 259 287 505 749 824 835 899 923 970 
63 146 469 498 577 666 858 
6 186 222 511 628 739 759 790 864 929 991 
13 76 150 227 240 373 377 383 681 736 858 891 
50 95 142 144 258 297 306 341 467 741 808 857 889 
9 30 50 96 187 302 388 396 456 899 995 
18 268 285 293 413 530 546 610 635 732 859 868 899 971 
16 29 128 145 317 487 617 794 893 927 972 
40 270 318 346 380 409 415 525 570 675 791 809 871 990 
41 133 362 373 425 615 774 834 958 964 
106 155 235 376 488 522 638 688 748 768 771 807 849 870 
9 83 129 199 492 503 631 770 807 815 893 931 
99 102 250 293 339 423 532 643 674 753 809 864 886 
475 537 593 636 693 698 786 788 789 823 922 932 
138 310 461 585 737 875 981 998 
113 169 408 661 664 716 822 874 879 
177 323 402 403 477 664 668 696 762 851 884 
95 241 507 649 746 794 799 894 898 
3 36 37 142 261 371 403 433 459 637 719 850 904 948 
41 60 99 166 195 196 232 489 520 577 684 799 905 
76 173 262 283 392 554 562 789 896 
215 412 460 462 543 730 788 871 911 930 
10 175 318 441 610 876 891 916 
44 83 117 152 374 499 668 787 829 925 
254 297 375 382 423 471 482 608 932 967 986 
19 125 172 182 232 246 305 312 622 636 760 898 904 
254 377 423 476 560 580 654 696 705 812 
17 35 187 194 498 527 537 550 595 642 736 890 952 
314 329 388 645 745 
192 249 269 342 378 472 630 666 808 
281 375 463 486 545 816 868 
39 242 279 479 558 644 789 879 
3 35 99 108 415 597 607 639 657 758 769 924 979 
17 31 206 312 379 446 511 794 940 953 
248 471 603 629 701 714 884 
41 55 236 248 262 264 318 508 669 927 
81 327 561 655 843 858 977 
125 148 203 236 307 317 448 659 772 815 
45 152 163 332 490 634 
143 198 338 380 488 655 656 804 910 942 978 
32 205 277 522 582 744 781 
13 238 355 442 473 487 503 550 669 679 748 806 810 
166 309 352 542 763 
52 81 139 183 231 445 510 530 573 581 590 644 928 947 955 
59 65 170 243 347 365 560 587 904 
67 104 140 208 216 306 314 406 434 452 464 547 643 967 
49 76 417 716 735 817 937 
20 406 446 776 
182 189 350 399 410 486 536 692 805 880 885 
306 399 455 543 583 812 969 
17 156 182 188 560 680 681 779 796 
8 32 125 131 312 322 362 577 651 680 746 850 860 
1 10 23 79 123 330 451 452 504 567 756 825 
104 132 145 196 441 517 558 710 821 
153 256 283 352 531 594 650 878 917 970 
574 576 690 950 997 
201 223 330 366 545 717 950 957 965 979 
6 53 142 323 641 752 764 
54 85 199 355 458 479 488 702 716 764 824 839 
14 30 240 282 370 471 562 602 760 761 778 788 801 832 
0 33 98 106 245 249 301 338 416 603 909 
103 151 220 265 413 698 915 
3 75 161 180 268 372 455 457 586 715 925 
8 180 250 296 317 336 354 377 430 614 699 742 761 826 923 962 
88 220 289 817 846 946 952 
57 87 175 275 333 483 625 792 825 832 838 853 
34 102 136 298 318 504 550 563 678 805 838 914 943 
50 169 411 524 534 579 702 838 855 928 
44 83 106 120 141 681 967 
84 98 191 195 421 430 470 525 675 845 
144 184 208 528 631 688 825 853 854 949 959 
141 182 192 326 472 616 920 946 982 
25 136 143 246 323 365 392 394 534 593 614 644 777 805 905 945 998 
16 355 580 670 700 711 738 740 745 799 849 952 
216 217 244 454 598 721 758 830 844 894 957 
32 94 125 169 361 371 402 410 442 526 559 864 956 993 
162 188 210 219 344 837 894 979 987 
20 74 81 183 618 688 793 828 
111 240 246 328 450 469 510 550 578 768 911 967 982 
206 287 336 383 461 500 573 589 615 626 655 659 679 941 957 974 
90 277 300 307 315 327 349 411 419 520 614 673 727 745 831 
84 221 272 369 674 782 825 958 
114 118 149 192 242 268 417 487 620 658 867 
13 276 292 470 527 680 733 799 840 974 
54 124 135 139 159 198 451 521 564 575 886 
155 159 291 350 600 684 739 767 933 961 969 
67 488 643 738 744 
20 564 575 646 814 828 870 917 
51 91 167 227 271 551 585 832 859 891 951 
39 271 309 456 585 654 743 864 880 
215 251 289 297 635 843 888 
90 195 242 243 309 365 475 569 600 606 648 715 741 823 
95 132 249 376 482 589 653 673 946 
105 109 127 158 187 206 489 687 791 954 959 
35 205 362 386 502 505 552 671 810 858 905 912 
153 186 265 484 579 628 908 920 
151 339 413 572 666 704 988 
169 182 247 344 413 542 692 715 736 797 860 942 974 
315 336 425 498 570 614 652 727 788 805 889 900 930 
12 121 259 266 269 326 401 406 435 474 483 567 659 669 
52 297 351 663 781 883 974 
298 361 366 576 690 715 727 859 867 940 957 
160 212 255 312 375 480 500 687 798 917 
188 225 358 373 476 675 764 775 802 804 980 
411 505 683 689 789 942 969 
144 154 206 299 431 563 585 614 811 
74 152 185 437 494 542 574 636 731 955 961 
289 437 801 815 830 867 
94 223 313 326 751 913 985 
417 474 518 525 789 927 
253 367 403 434 571 596 609 780 916 922 
2 7 116 270 280 332 361 441 453 529 613 622 691 872 986 
81 156 427 445 500 539 583 626 631 747 827 922 
52 325 385 435 530 699 710 848 
21 245 276 445 524 749 764 883 
56 290 337 664 720 789 836 
0 12 56 341 437 511 513 863 883 
176 248 397 469 580 789 
82 240 483 608 614 956 
0 22 144 308 426 589 637 680 877 953 
11 12 76 144 163 289 453 460 552 599 630 658 675 713 776 863 913 979 
67 79 218 259 465 565 642 925 
51 58 160 375 735 942 976 
383 445 551 625 676 879 
197 345 631 858 967 
93 339 422 428 549 614 668 731 736 873 919 926 
199 391 464 547 561 742 841 855 909 
50 60 138 213 228 231 360 415 441 465 507 792 931 
118 290 574 767 872 975 
284 338 378 456 554 772 992 
3 6 173 207 312 356 360 517 580 648 673 
65 115 286 364 419 439 498 504 591 660 721 871 920 953 
263 270 285 333 433 434 492 824 
361 392 406 456 483 572 574 
46 53 201 330 355 390 515 
20 121 412 874 886 997 998 
191 368 841 956 981 
249 297 347 374 376 451 489 505 561 814 918 
7 142 180 254 330 443 520 608 862 
45 67 134 199 240 507 565 584 779 784 830 
66 160 316 390 476 543 638 764 781 
26 34 132 302 402 509 544 778 908 960 
68 115 230 236 344 380 385 544 563 578 637 676 744 767 849 931 
262 277 318 323 414 477 747 809 829 872 
218 494 510 565 613 624 745 929 962 
130 259 309 358 374 379 484 700 860 
274 492 645 682 696 700 864 880 932 
9 46 57 99 151 257 417 441 451 628 633 874 885 920 933 
125 134 174 276 470 524 545 596 605 
73 103 124 160 231 282 380 421 458 637 695 748 
66 268 432 446 557 719 947 
16 180 186 211 422 540 543 599 863 974 
99 105 236 262 301 343 345 542 618 767 
304 568 577 737 790 973 
77 96 176 213 248 330 501 566 632 701 758 
51 401 558 591 801 885 946 
473 743 748 824 947 
5 168 196 475 693 821 961 
194 200 335 338 386 460 556 657 740 809 
18 125 205 299 315 558 613 710 801 879 
45 50 108 146 215 273 307 379 449 674 740 817 919 965 
94 237 243 248 297 476 489 509 553 567 599 605 891 904 937 977 
26 126 157 443 589 618 667 695 839 952 966 
12 74 587 699 709 757 916 924 
153 192 509 523 775 826 909 
66 164 172 410 430 538 592 803 888 945 
147 234 253 323 454 514 620 623 729 739 924 957 971 
27 31 141 259 374 444 595 712 795 863 
60 83 165 181 193 422 536 562 640 709 719 770 816 911 921 950 
213 239 245 454 492 559 625 781 843 898 960 
30 48 109 149 166 323 374 457 526 545 624 693 859 970 
93 184 277 381 803 829 892 
162 190 225 416 485 636 790 793 
501 767 807 867 912 
91 176 237 248 271 384 392 409 462 531 641 685 817 899 967 
52 185 243 258 392 558 664 722 
120 241 299 337 694 716 966 
18 60 486 610 617 741 760 945 955 
214 247 481 618 785 931 
56 59 117 133 395 615 617 894 
294 405 562 596 706 719 760 987 
69 196 269 309 365 386 482 654 700 707 877 979 986 
238 618 807 899 939 
89 305 357 360 422 579 684 787 968 
7 23 60 81 103 115 206 242 352 474 540 580 755 906 
168 403 439 598 895 990 
0 46 56 193 279 294 455 495 562 824 964 
65 276 284 389 534 539 547 578 594 727 918 
12 115 217 220 303 340 345 445 479 635 642 744 929 975 995 
31 151 175 521 854 949 
198 673 683 885 944 
40 476 478 614 652 688 914 947 978 981 
49 265 582 694 797 898 973 
97 215 274 296 348 455 601 689 752 894 
7 17 65 254 256 476 689 820 840 
48 140 160 315 335 392 629 771 835 929 
1 88 420 544 633 709 854 
51 52 84 166 210 417 635 640 869 929 951 977 
280 349 424 525 721 988 
87 97 152 162 187 214 295 338 452 594 605 656 762 
70 537 561 582 705 726 865 935 
23 245 264 328 359 465 471 535 576 639 728 751 997 
56 218 224 314 353 420 524 557 640 765 784 792 812 868 993 
38 50 183 355 460 755 828 869 873 993 
4 164 293 441 487 513 514 611 899 919 
250 276 283 625 774 988 
30 85 106 129 156 158 180 374 673 685 935 
14 24 58 268 346 383 461 464 518 558 680 
64 602 609 657 696 720 
29 49 108 193 219 323 340 447 625 683 707 739 748 825 
224 296 598 604 760 849 
193 278 366 415 420 645 700 929 
93 300 322 466 469 476 616 623 640 926 941 975 977 
3 10 107 347 358 433 554 603 869 960 
164 348 388 691 720 
122 226 445 575 656 662 691 710 715 806 816 
2 48 327 378 402 582 652 813 873 889 927 931 949 964 968 
6 164 358 542 557 653 716 911 918 946 
70 265 272 278 360 439 523 741 851 
48 132 144 175 226 388 406 438 790 794 827 999 
384 451 546 683 789 842 946 
248 355 428 505 511 648 788 
115 181 489 503 519 552 614 635 644 783 954 986 
35 39 82 100 259 564 723 877 921 
140 145 376 804 969 
68 164 172 215 230 250 627 734 758 
15 22 25 36 165 203 315 321 340 432 513 529 572 573 614 675 757 791 813 880 989 991 
151 169 355 534 616 649 724 827 972 
27 156 199 249 257 322 407 466 516 561 773 787 840 885 
147 218 271 312 364 469 490 549 760 
68 147 164 392 507 548 577 798 889 
333 397 419 572 777 892 975 
54 91 391 642 683 747 
116 182 249 332 366 556 683 782 821 871 916 953 984 
118 290 414 565 571 581 694 739 763 796 916 
36 50 362 378 386 400 402 479 931 
144 161 316 368 539 748 993 
41 248 333 342 380 626 
91 206 233 235 307 342 515 591 639 
72 193 219 446 528 544 646 664 719 759 850 889 948 
84 104 145 149 262 358 496 541 697 703 825 954 
191 279 284 470 572 651 727 
19 93 120 236 274 307 316 375 386 397 398 785 900 
265 297 330 384 445 492 709 940 945 
55 97 179 212 293 380 400 513 518 557 578 584 588 692 737 891 928 960 
80 146 201 343 378 428 434 756 982 
74 151 224 657 660 666 765 819 
133 193 240 345 375 386 395 492 553 626 651 878 
42 131 259 474 509 524 662 780 951 
134 220 350 570 801 822 897 903 963 982 
11 73 176 559 751 763 930 944 
164 328 423 640 818 932 
68 109 153 429 482 649 671 694 749 797 875 954 
190 264 281 391 432 474 725 
268 560 611 612 743 778 795 863 
25 80 366 509 540 690 711 
62 264 303 549 
67 181 187 236 397 481 491 666 683 801 995 
77 162 271 291 302 313 455 531 626 878 951 
25 302 322 550 645 678 873 895 931 
110 154 223 307 333 433 463 678 736 944 
156 195 227 276 441 517 675 701 943 960 
244 280 431 453 527 740 856 908 939 943 
55 58 236 301 515 543 747 748 951 985 989 
40 51 227 349 403 432 491 560 687 748 920 931 998 
9 80 705 954 955 
36 45 51 76 227 260 377 507 648 731 756 923 
64 253 344 471 541 688 
99 147 196 237 255 363 607 624 755 801 968 
322 741 807 931 
17 60 110 201 503 516 577 684 745 922 965 
232 264 340 457 498 556 661 670 884 957 976 
175 438 479 670 733 844 985 
212 252 254 301 492 883 962 
148 197 397 504 515 578 684 801 818 820 
4 68 223 357 450 506 643 723 837 957 
63 205 263 274 298 306 319 435 487 518 528 866 
46 139 209 267 398 530 631 796 867 994 
11 85 112 138 262 383 492 529 558 701 709 747 
44 88 133 188 253 432 481 619 629 662 746 
24 324 352 358 438 444 469 507 545 560 623 726 757 785 958 991 
128 159 243 305 350 515 552 636 871 
27 39 116 264 392 394 420 497 498 561 618 647 686 715 759 765 778 940 
150 326 332 382 478 769 790 885 
14 20 44 350 527 566 628 794 821 823 837 895 
23 28 333 368 414 428 460 531 659 696 756 960 971 
40 86 106 274 291 692 733 817 975 
144 194 641 790 883 915 
54 261 340 374 379 407 428 471 496 511 631 802 821 847 955 956 
143 208 281 361 377 628 639 961 988 
2 69 162 301 592 632 725 757 834 859 925 928 
158 292 404 540 639 708 809 
97 106 275 277 584 615 674 902 969 
21 80 168 373 445 537 727 728 865 875 945 
14 59 103 277 286 311 388 597 691 759 808 889 
2 207 399 475 534 846 951 969 995 
99 197 204 232 324 358 849 859 
71 383 431 484 516 523 527 585 686 849 
26 33 216 434 475 574 720 808 
54 106 254 330 477 478 487 559 682 699 809 830 852 938 
103 290 298 401 489 582 736 776 782 928 951 
284 372 497 501 606 626 677 681 944 
157 208 251 387 424 561 666 837 888 910 
129 166 331 336 406 517 798 882 938 
28 261 275 838 910 
196 259 391 395 563 
1 46 169 241 344 366 627 847 862 870 883 894 940 952 
20 85 179 251 294 358 501 568 845 910 951 965 
82 200 210 465 490 491 493 650 682 768 998 
182 349 352 368 470 734 786 
167 309 358 713 740 766 799 826 828 931 995 
153 164 218 299 777 784 837 881 
0 284 307 646 809 829 940 
253 264 548 584 590 629 663 711 720 737 756 841 857 869 895 902 
106 426 489 754 843 979 
202 236 308 443 620 758 762 877 
181 339 436 470 718 741 793 
45 308 324 493 528 608 650 869 918 
55 222 806 840 995 
82 100 161 217 308 564 805 887 
163 367 388 482 764 823 838 878 
47 303 408 570 615 653 
70 93 124 157 197 242 319 334 347 398 415 444 466 498 578 651 729 826 970 
173 224 333 540 597 628 662 719 808 
6 373 416 518 526 534 692 715 866 934 964 
14 42 242 350 351 626 838 916 949 992 
37 176 542 679 784 962 
14 48 96 176 276 345 351 366 719 758 861 
14 91 121 153 184 208 513 525 545 607 658 668 669 937 940 949 
38 176 197 336 391 397 495 551 621 723 724 867 
133 139 222 323 626 913 964 
38 43 80 263 399 415 546 566 628 787 836 844 902 986 
0 114 125 185 352 445 523 601 629 903 954 
31 147 198 247 331 364 377 388 442 462 659 690 872 882 
99 146 236 257 293 436 453 479 487 583 662 733 793 
114 212 656 841 974 
9 22 253 257 345 391 431 480 534 800 831 845 863 949 964 981 
18 32 152 314 345 598 832 849 
135 262 496 507 570 612 796 856 941 
90 202 509 524 692 696 854 
255 363 544 595 771 915 
160 242 366 378 496 527 583 645 854 883 911 
28 41 69 296 336 581 653 758 771 853 998 
244 356 544 657 711 733 764 884 902 
117 169 207 226 280 290 442 539 578 583 675 694 773 
67 224 326 370 504 523 577 638 838 901 922 
36 67 447 536 570 609 777 813 
0 125 226 431 575 583 649 747 826 867 868 
123 178 224 232 247 301 313 428 579 592 707 875 898 909 
244 493 974 
15 19 65 262 391 458 471 504 778 816 842 
389 578 639 652 926 
261 266 362 481 499 522 675 
167 174 182 210 333 478 486 570 634 658 685 733 835 941 
6 149 208 239 331 525 560 635 652 747 
45 252 292 309 318 320 327 354 356 478 503 595 643 707 748 838 968 
16 42 53 89 101 204 224 301 747 823 
264 325 460 633 675 720 798 885 898 918 951 
45 59 111 132 152 234 490 536 785 925 954 
56 211 322 476 505 588 592 827 
410 554 571 776 826 881 899 
6 86 131 157 189 682 735 930 
130 345 449 615 631 639 733 769 829 908 
207 231 272 353 372 696 820 826 
174 193 215 394 508 653 741 932 954 956 
58 268 299 516 521 529 592 686 755 846 
31 191 406 456 458 478 486 738 810 852 948 
71 302 371 402 474 523 528 551 648 891 985 
56 125 155 158 564 654 973 981 
13 50 265 306 363 400 602 669 687 708 764 976 
16 58 193 213 370 629 912 950 968 
328 355 357 399 470 483 542 736 737 783 792 932 
41 167 185 462 542 745 803 847 939 946 977 
206 222 278 289 828 851 893 943 944 
294 365 452 775 815 841 961 988 
90 175 414 630 767 803 843 861 942 989 994 
126 176 249 275 300 312 316 350 391 416 724 927 
143 153 401 445 
64 371 376 418 492 576 641 797 820 904 913 974 975 984 
96 322 394 447 451 482 691 722 829 962 
23 64 82 90 92 156 284 385 440 460 463 464 487 499 633 948 
4 645 668 811 842 
28 114 123 216 231 313 320 362 414 435 521 534 618 696 838 
6 134 553 571 678 840 865 877 948 952 
81 132 287 357 428 461 673 761 788 790 927 963 999 
3 72 426 443 564 602 688 711 772 875 943 985 991 
68 220 288 308 390 440 463 611 774 
44 166 333 474 544 632 826 846 912 
5 108 111 450 523 554 841 920 
15 201 220 280 341 386 413 457 536 539 621 687 750 848 
7 197 234 269 283 352 359 478 509 638 667 698 897 925 
156 357 445 783 792 809 940 
6 108 134 211 325 377 409 655 742 863 951 967 
2 255 489 521 842 932 
56 130 184 374 411 417 466 611 627 697 757 848 863 892 
61 193 359 490 548 564 634 757 915 955 
14 44 146 179 247 283 646 712 768 828 900 932 
60 160 253 472 715 940 977 984 
51 202 265 349 392 460 714 948 
66 303 309 476 787 870 
24 273 274 366 397 479 784 821 822 898 932 
107 115 135 185 227 281 338 390 617 760 799 982 
21 83 146 163 171 214 406 631 674 699 810 981 
18 183 286 392 484 499 809 812 894 919 977 
97 157 267 625 690 757 
59 406 478 479 508 511 686 749 803 871 958 
49 75 137 168 346 530 631 779 842 891 948 
22 28 67 187 208 279 447 559 567 598 673 759 895 
248 346 643 679 687 860 951 997 
99 160 206 209 250 261 335 349 596 737 893 963 
21 26 334 514 538 633 656 757 849 992 
66 159 186 188 196 551 678 924 
95 264 270 409 465 551 650 692 783 838 
76 109 134 296 307 420 978 
94 446 525 830 903 970 
365 624 847 876 
75 317 343 346 362 399 474 536 575 604 635 693 898 906 
247 632 771 
61 107 110 240 343 360 371 429 466 519 529 619 846 881 940 952 
259 394 405 473 713 865 927 
27 67 213 282 296 320 404 419 432 505 702 780 807 809 931 976 
104 234 260 281 282 767 838 878 997 
8 443 684 792 
2 46 158 169 341 364 413 488 575 588 727 847 943 991 
3 182 210 317 320 367 454 537 626 722 842 854 877 889 904 925 
115 121 129 135 832 907 921 990 
11 40 265 283 375 395 460 462 522 534 643 890 922 
325 343 376 439 653 791 854 895 900 
16 47 65 161 254 629 664 718 745 747 760 814 815 961 
7 94 152 199 243 446 623 626 655 690 932 
202 242 404 569 
207 404 436 532 818 918 926 948 
29 124 189 228 286 287 353 449 452 474 737 930 
107 125 220 231 345 394 481 493 635 841 892 999 
20 57 142 160 251 362 450 594 631 855 950 
40 165 292 417 446 455 458 557 574 625 637 709 879 
137 275 480 562 698 811 965 988 
177 243 345 385 659 911 
50 82 132 216 385 506 577 714 733 820 881 
57 75 238 635 724 837 924 968 993 
25 288 361 473 611 849 886 930 987 
131 158 160 218 237 268 403 430 475 613 735 833 885 891 928 
258 268 280 436 447 855 901 996 
16 58 267 310 369 460 501 624 667 881 
130 325 351 360 375 386 515 572 732 797 876 
4 20 23 37 174 330 406 525 529 548 644 653 933 
38 190 373 587 
115 187 188 270 294 507 521 541 779 794 833 
22 42 178 209 257 310 342 564 617 632 660 731 764 765 798 833 860 895 
73 120 136 164 210 252 353 473 496 497 663 699 768 839 964 
30 115 162 304 310 350 904 
89 135 582 696 746 
37 85 122 179 553 560 625 823 921 
17 314 331 378 445 451 581 818 989 
87 180 256 364 440 457 459 483 485 761 790 988 
71 344 419 446 448 562 570 656 717 887 942 
1 5 57 76 90 168 381 477 736 856 
23 147 458 497 663 680 791 875 918 947 
66 94 103 181 261 328 465 616 683 
105 148 288 339 386 433 500 512 655 710 749 761 833 925 991 
219 295 313 320 386 563 984 
0 62 89 91 297 590 593 717 996 
184 459 629 881 913 917 955 
15 118 265 373 417 526 741 774 871 878 976 986 990 
65 236 367 404 474 668 673 783 940 
94 299 407 499 605 689 700 732 753 838 858 949 
18 33 75 97 319 538 691 823 861 865 997 
263 298 312 335 378 383 435 517 738 840 880 
184 338 415 425 431 463 475 509 579 675 845 
41 195 202 372 594 616 735 754 925 971 
26 194 210 238 278 388 435 459 746 802 812 912 948 
156 278 295 301 470 879 888 906 
303 346 509 630 666 690 770 784 843 847 914 959 971 
254 593 596 628 656 764 807 859 875 
19 97 135 308 381 406 462 515 521 703 
69 400 507 534 536 639 649 732 766 873 923 938 
56 80 125 181 253 284 344 368 679 694 822 908 
344 383 517 641 844 850 887 917 
25 111 184 207 227 260 281 321 571 868 968 
12 129 675 690 904 982 999 
15 95 133 238 240 265 336 348 396 453 739 837 900 928 990 
118 399 454 761 854 
281 562 568 594 605 745 768 776 874 969 
32 52 57 60 65 282 533 600 751 861 889 
97 188 190 375 408 409 546 582 762 957 
21 60 272 409 412 466 577 705 738 
266 402 449 581 595 697 784 888 970 
36 94 329 364 402 450 672 808 897 926 961 
40 84 169 214 412 472 693 696 798 801 841 892 
53 125 134 227 252 267 301 355 357 382 531 606 688 766 775 
4 155 191 200 224 322 448 469 535 591 673 819 859 872 900 940 
268 274 459 662 691 704 731 759 803 849 923 944 984 987 
9 586 786 849 970 996 
70 106 144 250 266 347 380 404 469 480 521 560 682 762 787 792 817 910 998 
28 92 136 251 456 694 772 933 947 972 992 
107 176 228 272 305 412 433 470 491 520 527 654 724 767 768 846 
391 536 551 683 725 826 
8 252 366 524 537 604 821 944 972 988 
67 193 288 423 441 450 452 566 673 742 745 760 805 898 
202 209 351 705 719 744 753 774 965 
122 229 316 393 512 546 814 
35 118 130 149 174 284 492 524 827 908 
71 329 389 420 549 655 699 780 852 907 
121 128 423 457 493 701 746 798 
26 131 134 200 268 319 388 456 863 
110 492 521 798 866 888 903 
35 75 103 202 236 264 288 350 356 418 583 784 790 959 998 
183 186 457 636 679 
85 258 404 552 714 885 
38 95 120 174 256 276 358 396 434 775 947 
29 104 283 329 441 529 585 601 655 746 869 950 969 985 
154 204 387 802 906 909 921 
192 260 280 435 508 638 745 964 
104 294 353 362 668 726 755 876 885 
3 9 28 122 267 404 417 460 502 702 790 935 941 956 
13 55 81 569 589 610 676 700 708 739 
128 210 278 428 613 662 766 940 
17 99 162 376 383 384 437 493 518 683 818 957 977 
55 298 354 361 452 486 520 788 931 959 
2 79 118 162 416 811 886 899 
114 217 346 382 409 411 550 636 
130 290 330 338 416 419 466 654 681 718 841 952 
64 86 364 546 554 590 597 741 956 
282 442 490 609 631 696 756 799 859 865 
222 253 318 319 619 642 667 672 962 983 
188 263 350 354 573 594 611 676 717 864 
87 224 257 350 808 817 822 833 835 858 
112 170 210 403 463 613 668 747 922 
20 58 194 247 249 265 267 570 584 813 
64 151 307 353 562 606 670 671 706 717 787 985 
54 72 99 101 108 123 243 371 393 483 688 863 874 
115 269 324 357 362 480 510 517 608 614 700 723 833 
0 64 88 97 164 251 257 428 433 522 558 590 610 754 775 875 876 961 996 
66 123 394 518 636 693 759 776 840 851 
9 124 129 238 544 564 623 906 983 988 
89 322 325 361 452 651 714 736 896 992 998 
72 187 408 420 608 
44 376 383 617 643 760 775 786 828 
4 63 90 92 254 327 329 439 448 558 638 702 770 859 863 
324 360 458 635 670 707 771 903 937 
20 85 168 555 865 
152 662 829 987 
259 356 568 842 866 939 
33 105 280 298 588 684 716 746 864 887 926 981 
78 218 222 306 328 388 489 640 659 680 740 798 988 
142 245 252 269 343 403 411 428 603 658 823 924 983 
52 346 386 472 546 746 798 820 
126 237 407 474 572 648 871 
1 11 97 177 245 370 404 579 630 694 770 806 840 860 875 884 
20 243 251 406 678 731 821 907 933 
11 60 122 192 195 222 224 321 483 509 651 719 796 801 918 995 
129 258 353 449 489 512 533 614 784 949 985 
29 109 133 154 227 272 496 587 946 
5 102 168 189 234 445 465 639 697 775 786 902 
22 50 94 174 181 278 315 454 559 802 857 864 
60 117 249 387 429 434 523 595 596 733 792 877 
18 113 152 164 201 387 476 495 526 772 971 982 
77 200 349 678 737 891 
151 267 749 
51 58 63 125 649 687 691 777 819 840 951 
163 299 483 695 696 771 793 976 
63 133 141 144 238 293 386 626 630 784 805 
2 25 377 398 509 566 763 883 921 978 
76 136 167 209 247 290 460 520 550 718 721 825 905 928 945 
3 40 130 145 219 331 504 534 546 820 
101 230 310 391 456 787 915 961 997 
161 173 216 259 270 291 308 449 461 679 737 798 959 
3 225 284 362 474 517 591 602 704 882 909 
12 202 216 288 472 536 646 666 739 946 
159 326 368 384 509 519 579 674 747 899 927 939 
34 237 292 309 365 455 570 598 630 641 750 907 997 
59 273 556 682 911 
22 82 90 291 478 501 531 616 667 694 696 710 821 928 968 
10 114 227 504 710 832 
117 118 252 258 297 450 547 664 760 809 957 
59 175 234 282 332 452 537 748 837 953 
93 352 707 953 
122 136 187 579 624 812 854 882 966 
1 10 18 280 354 462 548 
48 348 615 637 710 
144 280 669 726 817 856 883 885 933 980 
311 408 471 491 496 550 554 607 910 
67 306 516 552 624 903 
10 183 483 585 861 864 938 
55 190 532 625 642 733 848 912 948 989 
153 161 347 460 469 583 647 649 660 751 824 992 997 
263 347 352 385 475 591 987 
16 63 66 298 316 377 386 413 445 495 716 726 740 826 956 
2 28 103 154 176 186 255 367 368 622 825 861 867 978 
127 426 535 553 628 681 695 801 937 
26 56 199 340 496 536 748 764 765 781 822 
84 108 116 241 254 375 611 745 855 872 930 
139 146 182 190 267 555 691 
47 149 181 207 258 351 371 393 492 507 508 541 549 624 851 897 929 995 
50 157 159 192 228 287 495 603 701 724 952 
7 178 204 341 388 407 994 
150 166 198 337 542 592 797 894 925 949 
14 17 78 122 392 420 442 474 600 629 702 727 754 779 828 895 922 
198 213 229 304 336 376 433 488 545 685 696 713 714 715 793 910 
165 425 547 627 646 740 786 789 818 835 957 998 
49 68 323 421 625 729 944 
168 193 244 372 383 436 445 634 842 854 929 
1 810 869 946 984 
102 343 471 492 584 603 646 717 757 
66 104 153 
267 348 382 582 624 637 662 836 868 891 964 
107 135 333 370 396 445 738 798 916 
114 126 142 147 300 332 336 397 409 670 781 972 
62 123 144 417 707 953 
41 359 434 530 681 851 894 
50 100 195 232 336 355 394 607 630 648 679 716 725 
246 275 310 359 382 599 683 
123 158 184 292 295 383 465 631 797 799 881 985 
5 6 93 126 134 252 316 328 670 
49 163 315 720 778 830 895 
88 185 280 406 448 457 635 639 656 737 934 
8 61 94 242 405 414 478 491 514 530 551 582 599 684 793 
13 94 239 255 309 407 626 704 837 838 953 
34 197 234 315 441 585 595 777 846 
15 57 203 247 395 422 423 507 537 614 794 943 995 
119 464 591 600 786 830 846 974 
119 167 172 192 250 290 349 395 468 526 544 571 600 711 880 892 
58 301 374 473 523 528 600 611 656 830 843 966 
33 111 126 170 208 232 331 575 577 630 704 
68 89 96 131 186 225 267 324 389 451 576 859 925 940 983 991 
397 605 606 685 737 829 
12 152 434 502 631 649 731 740 943 988 999 
5 55 217 288 555 606 822 845 
37 232 264 275 309 328 360 462 503 657 867 931 935 959 
463 492 585 616 643 645 879 
177 279 321 347 410 589 616 734 916 936 
105 240 463 627 942 
181 246 286 449 458 812 891 950 975 
20 224 445 769 941 
10 38 251 275 305 363 531 771 900 956 998 
75 135 342 444 492 570 616 688 841 
11 157 327 401 440 520 828 954 965 974 993 
137 238 337 516 547 580 604 671 910 937 985 
58 86 150 243 250 418 446 521 541 588 636 
142 178 203 310 458 464 632 652 807 858 910 987 
115 242 263 303 380 628 743 831 
15 16 167 188 371 448 476 501 528 530 570 638 677 835 869 920 
74 167 278 332 374 516 870 871 
15 97 182 231 388 402 407 475 476 566 584 631 645 
162 261 284 576 614 696 724 742 818 
259 635 677 
461 577 637 895 993 
103 121 375 406 468 587 642 781 873 887 915 
62 112 138 259 378 439 517 601 697 803 875 881 
22 43 66 178 210 416 519 558 698 953 985 999 
51 147 306 459 691 710 716 730 779 785 789 996 
71 122 204 226 232 313 332 656 756 808 987 
64 131 173 208 256 318 379 533 926 935 
29 207 483 684 698 727 809 827 830 973 
23 107 403 566 724 800 954 
164 699 786 866 877 
76 116 214 278 345 412 423 535 555 597 664 814 859 
1 27 89 168 209 258 339 344 550 872 926 959 
44 105 138 330 389 515 537 650 688 
57 108 170 236 255 429 600 678 885 974 984 
45 268 431 671 733 801 804 846 955 977 
43 91 141 148 177 386 397 513 530 627 776 949 
15 178 326 336 357 655 699 808 900 
184 208 293 327 465 937 
94 134 481 552 633 738 836 968 
27 168 210 257 288 429 452 453 543 695 860 937 
60 164 456 596 711 760 
128 164 334 539 639 656 664 686 979 
56 72 116 143 219 391 443 458 503 969 
167 352 486 689 778 874 
0 97 280 341 537 546 599 683 763 816 849 898 907 925 
96 155 158 164 168 498 502 641 812 
40 186 251 345 377 409 469 475 523 561 568 591 614 617 619 631 
211 286 582 636 653 696 721 759 803 956 
328 606 982 
63 75 176 219 262 386 409 486 580 707 981 990 
55 197 261 270 530 566 687 742 773 853 907 959 
104 189 466 663 873 878 
73 100 102 227 252 342 527 534 543 584 631 637 667 
53 247 280 306 439 608 648 829 950 
42 83 94 199 355 427 522 618 798 988 
34 160 166 197 428 591 594 763 888 889 901 954 
33 172 292 424 668 721 869 945 
257 326 345 630 688 712 728 752 756 777 865 941 
140 204 279 283 460 510 564 590 597 608 905 985 999 
66 86 297 318 419 519 732 840 858 859 932 
4 425 587 690 715 756 799 
16 356 491 522 854 945 
115 116 122 189 290 353 368 375 399 491 563 767 848 870 
138 224 314 657 670 696 793 877 926 
153 166 358 803 834 919 922 
95 143 236 288 459 475 504 553 672 874 943 947 956 
125 150 322 431 440 459 509 581 805 856 965 977 
78 91 150 378 501 610 754 935 
50 205 271 277 287 322 457 491 507 638 678 688 744 792 846 949 993 997 
4 21 75 438 576 594 653 736 737 769 785 856 893 924 980 988 
310 360 504 550 565 665 680 689 741 785 812 
120 196 221 278 342 428 504 545 671 698 700 719 894 992 
163 204 553 735 968 
26 126 360 777 823 847 855 875 
56 117 139 257 284 308 429 537 769 849 934 986 
81 429 445 498 662 772 852 965 
12 189 594 775 895 947 999 
45 57 183 250 268 361 366 405 759 766 859 860 912 960 995 
51 163 208 399 760 922 951 990 995 
52 316 362 419 439 529 586 722 
37 38 142 175 223 263 280 282 392 512 657 798 857 915 978 
68 192 335 434 
72 116 249 264 269 408 446 468 649 652 
79 267 409 531 555 609 636 858 879 904 946 955 
1 112 312 350 469 499 534 585 758 789 831 
37 61 233 387 511 552 652 703 715 841 984 988 
200 217 345 510 535 564 658 700 709 723 
70 150 189 207 216 276 296 366 400 408 462 603 630 776 897 989 
101 137 224 239 359 428 457 536 735 840 842 
151 199 458 501 530 648 745 780 850 
110 138 149 167 260 278 672 685 692 884 976 
149 246 345 487 570 650 675 712 718 925 
61 81 110 408 515 577 790 
47 301 393 422 678 702 768 859 
0 42 132 154 208 239 264 278 287 449 609 619 754 776 900 951 
75 154 161 179 282 313 331 364 368 440 595 919 
274 303 353 359 366 523 737 791 849 998 
41 245 538 542 550 570 578 590 818 917 
270 297 347 511 544 549 633 650 908 922 
169 272 303 350 447 555 714 819 868 
72 112 341 419 578 588 829 923 
89 228 251 473 553 757 773 808 861 867 921 
163 205 484 715 949 969 
102 111 194 286 589 617 652 
283 344 466 662 681 732 767 802 924 
35 122 175 219 485 580 607 740 806 952 
94 329 366 394 490 498 594 597 722 931 
158 214 378 702 805 946 
263 564 637 
207 211 280 365 371 676 921 936 
162 188 219 288 387 449 501 811 
15 16 67 399 574 592 864 917 937 956 
194 242 277 599 643 778 786 848 865 873 948 
0 335 359 409 539 544 760 797 845 
12 221 280 379 514 584 712 733 801 885 
46 153 261 265 289 425 601 686 711 824 
398 572 668 692 735 738 818 837 910 
43 59 78 146 193 477 631 786 831 870 979 
118 209 210 313 361 411 553 577 589 598 659 914 
84 118 168 210 234 362 385 412 414 569 693 795 888 
210 392 426 867 915 987 989 
64 67 222 223 310 644 769 
23 31 266 428 670 729 820 847 849 920 949 
124 201 368 427 454 558 750 830 850 957 963 970 
72 103 132 178 274 499 
3 107 133 142 284 351 367 539 560 768 781 
185 299 395 396 521 588 612 666 715 813 
279 361 463 701 783 942 957 
96 213 294 309 342 385 498 641 666 722 912 932 
123 259 297 308 319 500 528 570 594 659 688 797 800 868 
55 339 360 391 402 447 658 680 688 703 782 
60 256 365 587 835 876 937 975 
69 176 249 334 349 393 480 563 800 845 949 
216 369 494 502 536 646 695 749 762 833 943 985 
26 91 97 161 345 356 425 439 621 688 704 778 818 828 877 907 972 
16 459 472 681 814 855 864 
236 382 510 543 695 803 855 894 940 
268 304 381 617 712 722 794 839 970 
306 361 564 738 761 835 
93 181 540 606 642 844 
52 194 235 303 388 395 397 570 596 744 826 829 860 
17 156 228 590 610 715 718 746 866 951 993 
25 103 465 489 520 555 581 582 659 710 850 884 988 994 
93 98 184 388 541 591 595 632 796 848 
11 354 504 635 665 708 723 994 
558 682 708 836 
70 108 142 160 367 
62 214 236 269 296 298 370 463 487 619 632 852 
141 188 261 276 598 661 753 795 813 930 
414 424 435 503 526 545 759 856 
71 213 275 453 484 504 521 906 
145 206 397 625 648 651 653 662 747 788 810 917 932 
49 54 252 423 452 534 591 709 779 835 876 895 903 994 997 
65 139 181 212 319 531 552 577 870 
