144 161 185 199 274 288 409 412 486 566 698 767 906 919 948 
137 205 210 218 301 361 363 370 443 448 456 467 471 565 615 732 750 803 839 869 914 954 990 
136 266 357 388 459 588 604 745 763 781 803 994 
59 113 242 314 318 363 453 466 514 526 544 582 657 667 696 829 902 910 949 972 
9 77 84 90 184 214 227 245 263 419 425 436 459 470 482 491 557 620 748 790 828 844 982 
53 112 117 127 222 245 461 498 542 598 622 700 752 792 811 848 851 899 
2 9 83 103 114 125 137 180 244 247 421 422 469 494 528 540 572 605 645 751 776 777 779 786 845 931 945 951 
55 128 272 350 457 659 666 669 784 801 814 924 941 958 983 
170 177 185 254 347 367 411 513 562 588 609 655 722 930 965 992 994 
92 101 120 156 168 240 356 415 465 466 475 590 615 664 751 788 999 
61 131 171 252 260 322 535 538 547 649 699 751 813 869 870 878 927 986 988 
17 56 79 120 135 153 212 239 455 532 608 611 620 621 630 681 728 773 801 907 943 958 
101 118 155 264 382 448 638 657 680 768 787 788 817 869 958 
2 198 214 236 262 331 393 406 409 475 493 535 551 566 613 649 772 788 820 991 
8 18 50 111 166 215 283 324 355 421 504 530 555 617 664 775 962 
51 52 57 74 81 195 217 265 295 327 394 612 629 657 674 675 830 898 964 970 
31 34 156 163 319 385 445 737 829 843 853 908 961 
229 267 425 488 503 568 631 650 651 690 828 842 899 906 968 
50 97 105 113 192 255 260 343 458 574 673 717 747 764 798 812 829 925 966 976 
97 119 150 269 314 374 557 569 625 648 661 670 692 746 771 809 845 858 940 947 961 
112 169 266 273 374 436 478 500 581 659 684 740 786 834 848 857 930 931 942 980 
25 81 164 243 250 317 439 440 477 525 529 556 671 715 716 778 807 835 841 855 895 913 959 
7 91 138 152 250 355 370 559 755 758 765 770 919 928 969 
9 43 119 148 166 210 255 257 296 338 358 389 437 561 587 599 600 637 678 713 717 782 851 964 
43 125 313 358 493 512 523 601 624 679 718 739 755 804 849 893 997 
9 89 93 211 254 300 315 532 575 674 682 707 751 834 889 938 961 
0 54 193 260 275 280 363 379 388 422 456 533 603 629 630 671 725 790 794 799 820 822 943 981 
5 22 28 48 50 113 122 133 231 237 296 332 340 415 568 594 598 878 957 
19 111 124 141 150 152 211 230 242 340 343 382 454 508 623 643 720 732 755 764 794 853 882 990 993 
29 91 192 278 312 389 402 410 416 454 506 547 561 690 809 887 986 
30 244 286 414 440 456 502 556 568 658 760 764 786 838 
58 69 181 208 212 238 257 307 317 420 424 472 478 482 588 595 701 711 847 927 956 993 
14 73 79 98 158 165 202 229 245 304 446 461 482 528 538 549 618 737 805 827 927 943 980 991 
224 328 372 398 418 429 507 520 623 676 891 932 974 
71 118 139 267 364 408 456 473 492 545 584 594 615 618 713 873 901 933 
119 192 266 330 349 508 599 739 779 795 852 865 866 877 879 945 962 963 
40 311 316 327 405 407 458 466 506 511 633 639 708 851 957 992 
19 20 70 79 259 307 311 329 338 465 472 556 563 670 712 883 895 897 968 
81 108 145 165 228 254 260 363 457 568 780 802 851 855 901 907 950 971 
33 179 235 297 348 372 377 416 445 525 691 748 751 764 812 867 989 
22 37 125 250 262 367 431 448 553 566 593 595 606 644 703 799 889 940 
19 95 99 148 167 177 181 339 362 489 499 502 511 564 592 638 658 672 733 780 841 859 991 
37 160 172 230 332 404 448 452 466 480 543 547 598 622 659 781 803 835 861 878 995 
40 161 170 217 235 244 255 372 378 443 451 504 517 571 642 799 808 831 875 
17 104 124 245 248 251 271 297 332 407 548 652 705 710 791 826 965 995 
34 78 101 255 353 394 481 484 507 509 538 584 704 733 746 754 810 826 835 881 929 
50 90 127 206 256 283 321 387 432 537 648 903 
58 129 141 168 170 184 192 241 365 375 645 730 761 793 808 831 915 932 939 
0 78 222 295 342 423 464 613 646 660 677 691 707 711 717 783 909 919 
73 75 132 145 149 206 220 241 301 302 326 352 390 430 451 499 517 553 556 570 573 635 654 663 715 731 854 876 920 955 
45 81 97 107 196 204 205 243 353 395 401 417 450 471 498 500 572 591 619 623 661 697 711 716 815 819 834 852 962 
64 74 99 109 236 240 346 402 414 423 460 492 551 834 835 850 851 867 
43 50 115 230 232 283 289 377 386 494 519 652 698 738 755 845 866 932 936 
36 77 107 195 205 233 249 305 366 426 430 447 474 609 631 643 645 651 733 734 755 757 912 
23 41 47 100 214 270 334 389 458 549 582 623 655 661 698 746 803 
87 103 152 193 318 352 390 449 483 613 635 645 699 723 957 962 998 
17 49 82 101 165 188 193 204 208 311 370 381 385 483 597 652 721 755 
25 28 125 201 325 351 353 371 462 520 541 587 589 609 620 643 650 733 830 867 877 924 932 965 
162 277 289 321 395 407 410 430 464 504 513 538 552 582 623 631 680 710 762 836 921 925 932 987 988 
48 76 85 90 143 174 188 217 218 238 313 337 370 407 413 556 569 609 667 828 850 868 879 
10 71 98 111 114 118 134 220 277 300 310 341 415 419 483 527 687 753 757 833 851 875 881 900 972 987 
3 19 29 31 240 321 329 380 614 679 714 791 823 878 927 999 
23 152 174 184 265 495 532 538 563 572 598 612 621 657 684 686 725 743 761 781 915 980 
0 96 169 193 216 343 367 371 380 465 471 494 578 666 695 710 742 756 
56 66 124 146 159 180 185 289 356 388 500 505 666 671 784 794 860 861 902 921 993 
18 25 82 150 259 453 496 760 761 786 788 823 879 895 924 994 
25 76 89 103 224 232 251 330 368 400 474 497 537 559 569 595 621 732 752 757 868 886 937 945 971 989 
12 17 25 42 165 231 321 429 554 614 633 664 721 751 914 953 973 
60 212 291 315 341 345 368 411 417 489 495 535 560 654 738 747 836 845 861 996 
39 113 169 223 227 260 267 288 395 430 492 499 567 573 581 602 631 679 713 769 813 853 857 885 888 913 961 968 994 
18 56 82 157 203 231 448 590 623 647 686 690 840 843 856 870 885 902 910 919 979 
15 52 134 137 191 205 214 256 286 292 309 311 312 341 375 433 510 538 540 591 616 714 775 822 834 914 922 926 957 
21 57 98 116 161 208 314 335 420 439 459 485 500 524 608 676 705 715 808 868 875 876 914 926 981 
18 56 161 162 241 273 297 322 339 343 376 410 467 490 606 797 846 
47 88 194 211 233 251 278 280 319 338 375 421 435 491 517 560 641 644 670 689 693 694 697 789 795 943 946 
20 30 73 179 230 336 401 486 526 619 814 881 950 984 998 
9 19 25 73 116 239 295 302 318 349 361 456 496 553 563 584 607 637 676 679 723 724 751 754 789 
134 142 166 257 268 329 401 440 445 530 630 716 820 845 868 924 949 954 963 
63 138 199 225 421 516 569 772 781 863 994 
79 103 146 159 202 247 278 297 353 406 519 543 622 628 668 736 771 885 963 990 992 
25 148 349 363 411 437 481 500 513 524 764 776 847 882 898 957 
38 46 74 87 108 124 144 206 209 225 237 288 423 444 457 468 513 577 579 630 864 890 895 934 
31 105 115 210 237 256 298 366 437 455 487 494 498 536 614 692 831 835 843 944 954 974 
75 191 270 329 418 436 643 662 736 747 776 825 
364 365 389 417 471 554 555 587 588 593 620 622 626 682 692 738 821 841 887 937 
27 32 57 116 179 226 298 304 314 318 388 418 545 565 634 732 823 863 897 936 
18 179 231 352 359 379 380 452 455 502 669 713 758 766 850 864 963 
94 132 145 179 217 300 337 418 524 542 548 598 681 777 798 871 872 875 892 940 
49 96 107 208 254 258 358 381 385 434 472 516 559 571 615 653 659 707 766 792 856 989 
13 40 42 78 112 134 179 235 364 373 412 493 512 689 708 712 854 962 
30 83 235 384 393 446 532 647 724 817 818 928 948 959 985 988 992 
99 188 189 198 205 214 216 279 299 315 316 408 409 428 440 590 810 819 828 944 
1 12 64 122 130 191 199 270 307 349 398 436 673 686 714 746 776 791 993 
82 112 127 135 137 165 170 223 233 331 430 468 625 630 631 692 888 
148 176 179 299 328 400 409 415 453 507 561 658 668 706 812 884 952 973 984 
140 211 274 275 282 289 329 370 416 427 428 433 458 491 558 630 727 732 773 798 892 962 
55 101 126 128 136 189 198 210 277 285 331 503 506 537 588 643 701 713 717 720 809 813 883 940 948 950 970 
73 172 187 216 348 390 422 469 492 520 570 571 581 609 651 813 981 
9 50 203 222 225 366 491 513 551 571 605 627 661 760 797 814 832 855 884 961 
17 152 177 216 241 272 368 394 403 458 462 511 516 525 735 740 743 835 906 956 963 968 977 
20 126 258 313 388 457 491 526 533 585 644 648 761 841 961 970 985 
28 154 308 337 364 366 496 604 633 655 735 806 837 861 899 933 964 978 979 
108 160 298 397 426 455 496 515 696 897 
84 129 225 286 300 367 558 595 892 
68 139 189 199 361 364 382 415 465 529 540 613 642 782 813 819 845 876 945 988 
67 82 135 158 180 259 264 304 337 347 391 429 462 467 565 591 629 714 780 851 948 997 
29 56 58 104 112 159 352 357 367 448 499 540 667 721 729 785 831 839 848 881 900 965 984 
17 75 140 150 242 354 429 453 503 519 540 560 568 649 652 698 811 839 895 896 911 936 955 
105 110 227 323 337 359 360 439 447 448 547 586 691 762 766 785 943 
2 3 7 83 216 221 279 282 292 316 361 384 390 638 766 806 882 998 
166 242 246 258 359 362 367 374 436 448 460 548 619 622 631 635 712 755 800 809 820 864 
9 18 96 100 121 173 187 205 223 233 293 312 612 622 625 632 707 790 799 810 856 883 885 951 965 
57 121 209 298 451 529 543 591 620 728 817 837 877 
20 152 220 382 421 529 734 798 896 929 942 993 
46 51 101 109 174 272 276 309 389 419 430 437 491 524 578 580 589 662 705 729 748 867 895 937 947 952 971 
102 208 215 283 288 336 352 383 522 528 563 667 672 674 684 751 784 811 813 875 890 898 940 
81 126 190 202 205 250 261 289 291 478 480 540 587 605 677 778 790 813 839 891 904 974 
44 61 83 94 133 161 207 245 277 336 404 409 456 458 461 522 540 541 545 795 954 977 
119 288 362 370 371 652 737 802 855 862 869 930 
38 106 123 243 244 265 279 283 288 303 418 471 479 497 516 562 658 833 903 919 952 955 
73 100 102 155 227 260 315 339 373 431 447 508 604 623 690 711 726 741 833 980 
60 67 115 130 185 298 396 400 422 424 475 547 635 718 730 749 793 902 
129 132 208 223 348 362 396 429 476 496 552 573 723 749 774 830 891 912 981 982 994 
53 148 167 174 176 182 225 228 343 364 376 471 475 535 669 720 749 809 862 911 942 949 960 984 
46 72 73 130 148 267 403 425 461 496 550 572 629 638 659 713 758 780 
10 66 106 116 176 280 352 358 431 535 608 610 667 685 724 763 875 879 944 995 
34 78 192 251 388 424 436 467 490 522 565 576 587 606 655 735 799 830 858 860 886 927 952 
56 188 230 251 377 385 390 396 399 410 520 534 651 677 692 758 765 792 794 829 870 895 906 909 976 
3 5 14 107 125 144 175 187 188 277 287 381 408 458 469 496 498 514 552 679 691 692 722 750 771 838 855 859 871 896 947 948 
38 139 255 281 383 410 412 491 583 609 615 694 708 734 758 759 830 850 905 909 911 954 982 
51 152 166 199 227 292 360 369 423 442 483 584 608 623 645 677 696 785 797 898 958 964 
25 50 70 102 118 144 154 168 247 269 300 394 403 454 477 498 511 522 523 525 570 583 642 710 724 835 844 
12 46 89 116 178 206 211 248 253 282 287 388 451 564 573 606 667 684 732 743 758 763 820 843 858 952 963 
65 104 113 179 250 290 297 327 413 451 460 497 525 543 586 650 671 681 682 740 774 793 908 916 
26 124 147 153 206 231 281 297 328 383 424 433 439 448 515 605 627 730 751 813 830 853 909 936 976 981 
80 83 126 251 303 337 398 545 641 650 675 729 798 919 940 992 
67 182 236 316 346 367 415 433 438 496 509 515 569 665 764 792 835 846 922 936 986 990 
164 170 441 453 465 480 528 605 632 634 741 837 847 888 891 905 967 
33 38 99 282 419 478 573 667 729 889 897 956 967 
4 11 45 77 168 177 271 313 419 432 443 446 516 557 567 630 676 711 817 838 888 896 986 
53 77 117 150 168 238 248 372 586 628 678 720 782 874 876 914 992 
119 154 212 231 292 324 344 413 510 589 641 670 697 718 765 943 
9 41 235 263 294 315 385 474 561 589 603 616 652 668 686 744 750 794 835 965 984 
93 160 165 242 276 284 370 371 406 495 557 779 849 899 
20 111 118 153 221 280 418 481 538 563 588 687 712 758 838 851 856 974 
14 120 125 163 175 229 383 464 465 476 481 496 497 514 543 595 638 710 725 816 881 891 940 966 969 
29 39 67 93 154 256 283 426 475 509 533 544 560 599 607 614 634 705 745 890 966 
33 97 124 126 136 155 168 228 322 339 401 430 503 585 588 647 829 833 926 929 
35 115 126 132 161 263 307 343 454 488 547 592 603 699 708 809 818 870 881 975 
28 64 131 171 187 197 257 266 298 315 443 620 649 665 679 696 698 719 760 856 910 928 965 994 
20 35 93 131 167 182 440 512 616 660 672 822 841 
4 27 234 305 344 355 411 433 465 478 528 548 671 698 731 765 856 885 925 956 
37 62 88 179 205 241 274 305 364 391 393 421 479 490 672 715 770 817 899 933 992 
29 55 76 179 195 271 405 423 445 470 558 661 667 798 805 
2 81 146 337 375 477 544 683 772 781 894 922 
6 14 24 256 424 527 664 776 789 817 839 872 931 973 983 
51 65 83 96 152 161 198 203 272 368 382 388 422 443 466 558 708 774 798 841 888 901 
19 28 52 101 204 359 398 507 523 567 620 653 660 667 859 921 924 927 955 980 993 
33 38 89 102 112 128 171 238 239 244 275 312 332 410 426 428 500 535 651 678 689 712 717 768 811 951 955 
11 231 267 321 420 498 572 769 
42 99 110 148 156 209 329 395 437 470 492 493 502 505 509 698 764 780 784 824 826 844 906 965 984 
7 69 79 221 294 347 381 476 530 637 859 865 943 977 
34 50 84 91 115 126 148 195 296 368 396 437 443 463 481 516 536 601 617 668 708 729 761 918 969 974 
7 19 22 76 145 193 283 346 371 459 480 555 921 955 964 
22 26 91 98 126 132 225 239 314 330 350 391 414 421 435 483 635 644 668 677 751 889 914 921 928 948 951 
200 214 236 348 354 361 443 445 459 484 496 560 568 614 702 782 891 899 909 929 950 974 
84 157 208 373 431 505 543 647 656 669 679 758 781 817 887 
23 140 161 179 233 282 292 312 317 422 455 624 676 742 899 908 934 965 993 
264 269 280 303 326 429 465 468 599 603 622 647 704 712 749 880 906 964 
24 115 127 134 146 194 249 252 265 376 426 447 483 507 594 767 918 960 
211 272 325 406 428 472 514 571 588 684 913 970 
69 98 110 171 206 232 245 275 337 349 360 461 686 772 856 876 882 884 901 903 953 984 
19 24 88 89 100 109 164 281 308 349 446 468 526 546 636 670 708 821 946 
33 77 135 244 289 323 352 362 408 412 461 524 591 625 740 873 972 
310 408 519 551 682 698 765 923 928 931 948 950 998 
1 2 40 41 66 209 227 271 289 408 435 437 522 655 656 708 737 861 952 970 992 993 
2 40 55 79 115 116 221 239 392 396 464 491 493 548 552 561 627 649 678 681 708 710 818 821 832 913 
7 55 84 102 143 199 282 351 478 482 564 617 638 659 744 755 756 
37 41 59 65 82 130 158 170 314 332 362 422 509 612 644 649 662 663 815 836 
44 82 96 99 156 222 240 318 324 338 397 413 426 441 598 712 715 719 755 862 922 966 
55 163 229 257 329 488 492 578 588 639 739 758 808 829 869 938 961 
16 153 156 175 176 256 346 355 384 402 431 481 498 517 566 585 589 596 722 729 752 767 782 854 858 885 887 920 977 
19 165 200 253 302 345 368 383 409 435 484 534 723 753 782 873 
127 138 176 197 217 220 262 283 547 567 580 675 681 737 786 826 923 927 
68 106 117 234 325 337 373 391 419 453 460 474 512 560 578 657 893 907 954 966 
26 45 48 53 111 114 122 155 180 288 338 380 437 446 635 648 759 793 865 882 946 967 
96 140 216 265 305 321 345 362 386 435 506 553 559 582 599 637 673 921 
10 33 46 106 147 150 162 280 340 341 428 436 447 491 665 756 824 916 938 966 
27 170 190 258 350 387 392 431 536 641 667 693 713 730 767 837 917 934 955 969 
0 8 73 78 111 113 161 172 216 241 295 356 388 444 450 602 607 626 651 699 778 928 970 988 
15 16 162 384 387 468 524 709 733 736 766 770 902 996 
28 105 244 245 291 339 340 373 460 547 632 641 654 668 858 869 891 893 915 
72 74 115 212 219 232 252 314 426 454 484 499 506 556 599 613 622 631 674 694 734 745 782 818 911 
18 52 60 108 159 214 216 242 265 303 322 336 365 393 537 550 552 601 646 783 793 832 835 884 925 945 947 
7 32 45 118 205 232 234 255 287 335 343 383 452 456 470 479 549 596 684 933 996 
0 54 55 69 119 180 205 230 259 335 350 416 493 513 614 699 775 820 852 950 
43 52 185 229 261 276 284 437 525 567 583 656 699 735 749 762 826 841 927 954 956 957 
78 134 137 151 204 238 243 266 318 341 365 393 401 489 579 587 594 640 662 784 787 813 971 
57 125 144 167 257 284 288 357 369 421 500 565 662 725 730 820 844 875 924 927 966 977 
138 161 233 473 479 512 609 647 650 662 739 742 763 787 898 925 943 969 973 994 
20 67 73 118 203 228 373 400 448 495 507 532 549 638 672 681 723 875 880 
0 104 158 271 306 330 342 419 452 515 622 647 714 724 788 877 996 
91 131 170 174 250 262 357 371 528 529 632 641 654 720 726 754 840 903 924 958 
28 112 154 173 177 201 209 267 302 316 432 448 490 512 547 565 639 649 815 820 827 833 875 953 978 
72 180 198 220 232 273 285 302 533 534 597 651 657 765 770 828 934 
10 106 274 311 322 397 483 505 536 557 603 717 773 807 816 841 842 885 907 948 
21 112 152 161 195 199 217 240 250 295 310 325 357 503 591 663 740 798 934 944 949 
8 32 67 101 254 308 322 350 367 399 407 494 510 594 620 683 725 754 761 765 781 798 805 806 808 810 916 941 952 
7 53 125 140 153 167 215 227 388 472 531 618 663 701 811 825 841 865 941 
50 51 63 85 97 99 120 151 243 268 353 411 428 542 554 560 689 707 709 768 798 826 841 886 900 982 984 
53 107 153 237 250 319 600 609 636 638 717 736 744 805 837 861 
33 53 91 98 190 210 228 235 325 428 554 624 660 681 738 762 790 799 812 846 879 892 989 
72 88 161 349 414 427 431 482 547 561 603 673 684 701 732 891 906 961 964 
86 151 161 218 344 409 434 466 509 572 575 582 591 674 851 868 909 984 
20 71 90 143 336 370 389 529 553 601 623 760 827 858 952 
42 151 224 230 238 253 654 774 787 951 
40 51 65 82 101 110 114 132 152 185 256 278 304 383 412 438 525 545 597 660 947 989 990 
13 56 82 137 195 218 254 288 340 348 572 639 657 816 877 881 934 
7 43 72 79 86 111 129 326 361 380 483 663 678 801 818 891 956 
148 165 173 389 429 513 557 558 573 598 718 760 764 786 803 821 822 853 874 905 952 990 996 
6 67 78 199 203 243 284 317 574 639 641 734 763 778 781 789 829 857 909 949 966 978 
0 1 3 5 50 99 121 135 158 185 272 316 318 413 417 432 456 568 599 631 656 705 781 869 876 889 907 924 955 977 981 982 
13 136 178 274 284 308 329 428 434 438 459 631 639 664 853 912 
0 15 51 127 138 166 220 256 295 464 489 492 499 582 692 745 785 798 818 991 
14 77 86 90 114 313 329 333 367 393 469 472 487 497 502 522 551 556 628 648 653 695 714 721 723 735 793 813 816 968 
52 65 130 189 201 268 343 352 428 431 449 586 590 691 760 800 802 825 994 
46 56 93 175 202 219 238 345 350 351 359 455 508 525 668 671 676 679 748 787 826 838 921 959 990 996 
92 107 139 186 204 223 253 317 333 432 470 541 565 582 584 693 779 843 850 861 921 978 
161 254 310 355 415 426 438 481 575 578 590 848 854 903 920 
64 84 85 169 179 183 289 330 370 390 491 582 714 724 782 899 926 928 949 
0 9 77 253 263 364 383 402 444 459 507 580 586 643 711 726 740 764 766 768 863 899 
27 32 66 86 208 328 356 389 435 580 620 668 822 865 911 955 976 979 988 
143 171 189 226 231 289 392 395 412 418 424 453 478 524 542 544 557 646 700 727 729 768 814 910 915 970 
52 72 98 140 152 227 265 354 415 433 538 553 570 590 606 607 624 633 635 673 760 762 800 828 830 866 887 898 939 955 968 
101 188 507 621 668 710 728 742 789 807 830 843 938 
18 34 44 46 336 426 512 522 542 617 793 828 890 961 
46 53 71 104 180 236 248 266 283 308 381 390 417 487 498 658 725 775 790 802 843 915 928 
4 88 147 172 251 282 300 313 318 364 448 726 730 785 792 842 972 977 
56 150 251 282 482 505 515 553 639 648 662 679 781 913 973 
95 133 168 175 286 307 368 378 394 396 498 511 591 608 775 784 833 843 921 924 939 
14 132 138 284 420 467 538 596 652 678 719 799 847 850 867 887 905 934 
234 258 259 291 325 339 356 537 562 599 632 744 745 761 771 773 820 831 835 900 970 
116 126 143 167 182 242 271 302 322 354 497 513 565 593 683 685 706 785 843 856 894 898 
33 113 173 225 285 426 430 438 489 501 511 514 516 523 536 559 568 593 613 685 743 744 807 845 928 939 
36 90 104 157 216 318 347 358 557 621 630 653 670 707 713 734 747 788 795 799 817 870 921 
36 41 54 58 67 101 196 233 238 249 290 310 345 359 375 504 675 866 905 933 
6 30 59 99 115 147 270 271 287 315 352 418 431 487 586 645 665 675 687 688 823 
8 49 126 127 259 369 437 441 497 506 543 559 600 616 657 675 679 703 735 796 799 816 847 865 900 968 
68 102 133 138 185 197 259 360 371 376 435 473 573 629 640 644 667 737 752 847 897 899 920 932 937 969 
19 21 42 77 190 220 221 230 286 371 440 516 569 648 658 831 836 856 904 927 979 
12 45 152 161 251 365 402 469 490 637 724 743 762 808 817 856 897 900 
19 76 199 206 306 328 347 446 452 455 596 666 670 690 708 753 768 793 820 
21 29 68 84 130 188 199 256 263 526 553 566 611 664 686 725 748 769 849 851 865 879 890 915 930 948 977 978 
17 21 60 95 179 199 254 311 317 332 345 386 407 457 461 472 489 579 581 653 792 854 865 874 876 887 
39 43 50 64 69 80 97 167 215 219 321 325 332 351 605 629 685 751 812 
54 75 176 197 286 314 325 338 416 423 491 516 564 589 665 747 809 814 874 914 999 
12 74 82 110 161 187 228 256 293 302 370 444 445 525 534 583 599 615 687 701 739 771 844 851 911 925 
148 179 247 353 362 374 452 473 502 508 559 576 601 604 642 658 677 685 741 803 921 989 991 
115 165 240 261 325 359 394 464 496 512 523 563 586 616 762 830 911 
88 132 205 240 399 400 407 414 457 483 497 640 653 768 801 841 904 905 931 940 
190 326 484 496 517 603 641 817 947 
182 231 236 311 353 392 399 437 445 510 533 653 828 865 912 923 971 
2 56 66 97 98 122 125 170 234 335 388 395 434 501 527 721 745 785 856 965 973 978 
28 45 74 77 86 90 91 130 221 284 296 299 335 380 415 480 504 539 567 601 643 669 700 790 831 864 921 946 955 977 
0 27 186 210 261 271 380 397 452 470 561 622 670 690 795 857 928 
83 143 185 285 339 411 461 514 533 566 583 623 633 682 736 814 822 854 878 882 
23 30 36 50 160 161 287 356 372 534 642 723 734 758 812 820 977 
93 114 149 156 174 178 277 409 415 437 616 665 676 909 997 
57 72 79 90 298 308 311 365 396 459 492 508 535 584 634 662 717 720 742 768 905 931 994 
132 217 231 258 296 339 409 434 599 677 697 810 849 959 
11 232 364 392 618 698 788 825 872 874 925 951 
0 25 79 186 217 251 252 361 519 569 600 616 647 715 750 845 849 886 
83 157 261 315 318 325 362 424 429 529 577 682 695 712 864 884 937 982 
1 28 30 147 263 351 417 620 626 726 798 799 822 839 850 928 959 986 
59 66 127 174 315 320 321 389 532 549 585 589 598 611 626 672 746 747 778 869 891 966 
28 70 86 141 272 390 394 415 430 477 608 706 734 750 755 772 778 859 945 
33 44 103 184 196 201 218 276 294 297 339 361 397 405 453 457 480 514 561 575 589 632 660 683 796 816 886 963 
4 34 87 110 121 182 361 365 456 667 716 717 815 951 963 981 
12 129 166 218 237 238 270 356 363 501 531 568 606 683 698 750 784 831 849 913 919 950 996 
23 33 38 68 90 113 202 228 257 305 351 479 652 708 778 797 818 860 870 873 893 901 998 
78 134 187 213 217 234 295 309 531 572 609 679 697 729 739 763 843 980 
3 23 196 199 236 280 335 345 356 371 379 415 499 600 641 687 714 716 828 841 858 996 
3 85 121 133 143 162 170 180 214 250 268 286 323 350 412 425 590 631 667 731 772 804 857 950 988 991 994 
81 100 107 111 217 336 361 384 448 465 485 551 563 569 583 614 618 632 660 662 679 770 829 925 
61 78 128 290 340 354 370 380 415 426 438 545 789 827 875 883 900 923 956 996 
30 71 73 80 118 128 167 311 375 403 517 555 579 613 695 785 853 902 
25 130 191 209 300 352 368 441 525 671 702 745 751 760 827 976 982 
137 157 160 165 267 288 358 419 420 477 547 580 665 710 738 782 793 802 868 
2 33 75 151 165 192 194 204 215 231 317 319 346 389 445 454 506 548 581 605 617 662 676 681 708 776 793 872 876 933 
39 50 78 144 239 312 327 329 345 350 382 416 464 607 612 626 673 718 722 785 844 934 939 
2 15 24 70 79 171 184 193 225 226 262 268 372 459 482 579 633 689 
66 187 346 388 488 496 502 590 594 711 754 810 866 
59 98 112 197 216 227 273 411 448 476 479 597 751 775 816 914 929 952 956 
16 121 135 152 178 187 254 318 501 529 540 604 614 690 740 749 770 771 775 811 827 867 895 936 953 969 
155 164 173 181 377 539 556 614 630 646 672 728 764 839 927 
17 30 38 75 107 195 200 308 351 445 456 509 531 567 589 612 643 686 694 756 775 834 866 902 906 917 955 
40 47 130 144 180 192 230 280 524 644 663 681 706 722 775 792 852 861 885 919 958 
119 130 136 147 240 315 374 461 466 552 560 591 625 665 786 790 823 844 893 
34 55 71 110 135 189 240 260 342 363 382 415 486 611 641 657 758 796 801 811 934 983 
50 201 216 239 248 258 268 289 290 307 378 397 422 438 608 625 668 764 807 858 893 949 
146 181 193 202 317 362 396 456 482 500 531 631 650 801 890 
80 157 193 242 267 307 376 421 462 498 517 526 541 591 615 648 664 746 778 841 951 971 
46 49 222 267 329 330 351 355 458 519 522 545 547 553 607 632 659 781 802 849 912 995 
5 29 88 235 277 360 621 624 633 661 739 803 892 897 948 984 
5 31 74 99 120 170 174 211 244 459 522 573 607 624 726 733 744 779 800 975 985 
17 63 85 118 121 206 224 269 308 343 380 408 498 578 767 772 904 
210 228 286 310 316 418 549 601 661 800 940 992 999 
49 67 93 182 220 325 390 396 445 569 587 645 650 909 911 924 978 
2 15 42 44 68 70 129 172 197 215 221 236 295 324 331 493 612 666 779 782 854 861 902 922 937 938 943 950 
14 54 87 89 108 182 193 216 258 384 566 609 705 751 855 862 984 
44 97 128 282 414 428 522 792 835 872 884 901 982 987 
11 17 23 62 157 160 170 188 271 327 353 403 448 520 543 556 656 714 715 718 724 752 773 801 945 949 
13 82 83 157 168 275 316 331 354 395 483 486 528 540 593 689 732 801 809 815 865 941 963 964 
21 33 144 172 288 316 343 345 402 603 644 764 876 938 
4 15 95 147 190 221 222 290 291 302 348 366 404 489 547 574 584 675 695 702 853 922 940 955 
196 352 408 624 632 747 775 804 887 909 
64 92 103 191 194 210 369 375 388 390 547 582 678 719 742 746 866 892 904 929 941 
64 167 251 261 278 313 391 410 478 488 518 650 683 727 773 838 858 890 900 
39 142 143 226 306 492 500 623 658 728 744 750 865 866 925 932 966 989 
100 117 136 160 180 238 248 345 494 510 737 814 822 846 855 932 
114 175 195 237 262 297 365 394 415 490 512 525 621 702 747 935 959 977 983 988 
55 57 74 128 197 201 202 216 223 378 400 409 471 520 541 609 615 627 669 675 702 704 780 840 862 966 975 
15 36 180 182 184 332 361 369 415 474 560 650 667 670 705 740 751 880 953 965 983 
13 61 128 188 228 244 294 305 338 380 480 489 493 555 644 651 657 676 807 862 880 949 967 
31 55 68 98 173 191 266 329 456 528 584 613 628 656 693 694 736 852 878 883 897 
125 145 171 206 271 415 540 590 762 775 859 864 954 
32 65 81 152 163 164 246 283 289 301 355 415 462 467 545 560 696 735 739 761 763 895 914 965 
34 80 105 125 267 304 354 376 422 474 506 533 580 650 676 812 816 904 
21 101 132 193 246 252 261 278 313 348 407 410 498 514 566 595 609 616 754 759 786 816 822 835 923 
31 41 67 68 143 168 256 281 345 346 358 361 441 448 584 600 692 769 871 914 926 999 
267 284 288 400 434 450 511 525 526 584 586 644 664 679 789 821 860 904 911 961 962 976 
57 68 75 137 174 200 235 242 316 406 410 616 675 738 746 802 816 880 888 901 918 956 
13 65 183 192 217 220 223 235 266 269 303 320 342 370 399 424 485 499 552 576 684 697 750 766 865 914 920 969 981 
43 75 79 152 189 238 249 353 359 372 436 459 495 514 515 574 604 609 652 680 741 750 833 860 862 917 948 977 979 
17 61 128 151 166 221 246 338 470 474 502 549 601 628 766 778 844 886 897 952 967 994 996 997 
8 172 261 301 320 350 425 429 461 513 525 535 559 596 605 619 650 700 736 818 850 931 951 
0 53 73 77 206 240 246 330 371 410 435 477 531 556 589 601 637 648 687 690 696 700 879 917 954 977 
2 24 62 88 121 128 167 213 226 239 285 295 298 411 426 499 527 576 870 
57 73 175 183 212 260 280 359 412 492 505 508 680 772 842 889 922 
101 181 296 360 441 558 605 617 642 730 784 859 897 927 950 982 
106 169 182 215 237 369 400 431 442 462 501 645 680 727 771 791 859 906 947 
57 97 178 248 251 277 332 357 422 428 429 451 461 606 654 826 846 876 916 921 942 944 957 
0 52 56 95 162 174 202 246 257 328 352 477 574 580 603 722 730 776 788 816 938 998 
79 82 269 296 392 409 594 619 695 710 837 892 896 972 980 
12 83 213 221 270 297 299 340 424 455 456 491 547 562 619 648 705 893 
10 14 37 84 241 307 385 424 436 501 509 570 735 774 815 941 972 
145 160 186 188 192 202 297 343 372 413 416 492 516 517 528 571 691 763 788 848 866 887 889 903 939 981 
39 87 128 223 231 341 362 448 477 499 538 552 612 708 782 783 805 813 821 947 
119 147 149 222 246 348 353 424 427 511 606 639 720 764 766 778 802 866 895 944 949 
63 64 129 268 314 356 418 453 484 520 569 581 589 736 797 798 893 946 
39 58 212 217 341 438 461 503 535 564 593 609 628 655 657 670 756 788 789 796 819 915 954 
28 34 105 115 123 175 281 424 458 477 492 648 716 732 770 784 816 837 848 851 864 886 895 922 928 966 
44 62 126 158 175 218 260 335 398 402 403 421 490 500 661 696 716 732 781 935 
11 42 165 366 382 391 425 533 577 606 613 654 679 773 790 869 929 947 
0 113 137 224 276 330 544 570 595 597 627 666 669 715 979 993 
129 145 187 208 305 343 353 420 445 455 485 585 645 673 736 800 822 855 921 928 942 979 
189 227 229 248 271 289 318 444 502 519 552 562 563 576 580 671 702 717 775 885 958 965 
28 90 171 236 382 390 464 518 544 576 588 591 607 645 660 694 708 821 855 890 
31 32 47 72 84 115 298 305 398 416 481 494 502 515 516 611 693 755 765 787 822 857 
14 28 189 269 291 346 430 468 573 614 658 748 801 843 963 
79 115 482 542 559 623 639 648 775 808 870 891 975 
20 117 121 150 203 220 261 289 298 345 367 503 641 644 678 683 702 722 756 794 814 836 883 893 899 921 947 
40 98 113 214 234 259 410 420 511 578 583 616 785 809 936 
18 34 52 222 333 339 363 408 553 560 596 625 691 752 770 833 845 925 993 
39 81 88 113 119 159 162 207 321 329 362 417 577 591 605 621 639 641 767 796 819 872 971 
4 8 45 65 95 159 224 227 294 421 435 512 529 537 610 653 746 795 828 897 991 
55 66 131 200 215 315 412 575 595 653 690 736 909 963 977 
16 42 79 171 226 258 267 299 313 330 401 465 495 549 574 609 621 641 814 867 932 
3 75 86 298 318 424 460 486 507 639 828 877 902 909 933 953 
98 144 192 245 248 312 365 436 494 495 643 739 858 884 941 995 
5 10 33 55 181 279 282 287 415 506 610 695 704 731 752 800 874 910 939 
34 184 187 193 196 220 271 334 469 605 780 794 829 868 880 894 953 
66 75 99 189 289 324 363 372 411 460 519 542 631 705 758 800 893 
124 125 149 178 207 242 362 386 432 457 535 608 660 713 716 771 775 821 826 872 877 
27 28 33 119 163 169 231 254 295 324 347 548 586 690 770 876 911 
49 64 123 144 173 231 259 283 362 397 418 439 585 832 903 996 
0 8 19 22 69 121 222 226 279 344 406 485 512 553 573 588 640 664 682 686 692 727 767 819 954 963 964 
17 204 282 309 311 339 383 525 644 707 726 839 970 
21 91 206 214 227 237 272 287 415 431 438 455 572 783 803 854 878 884 908 987 994 
35 59 79 131 241 246 286 530 761 766 819 899 904 936 
6 13 141 168 205 239 317 368 450 462 566 578 771 891 898 991 
38 64 82 101 104 116 127 188 229 289 411 423 440 468 493 554 579 615 647 664 697 710 777 892 955 977 990 
16 81 146 164 165 220 277 286 348 398 448 473 682 735 844 985 
24 33 58 156 187 196 230 255 296 308 376 389 422 475 501 517 567 569 697 774 829 833 849 854 869 870 873 878 882 928 986 
64 74 135 157 210 223 224 257 268 286 296 347 389 548 602 616 633 635 670 679 756 805 815 835 872 903 938 985 
8 72 80 135 184 196 230 319 331 361 373 459 484 506 656 697 769 780 836 846 867 976 
32 221 247 276 342 355 359 435 474 540 573 587 631 649 654 739 752 756 847 916 935 
62 286 364 432 439 444 505 528 588 684 710 877 880 886 946 
37 84 101 223 291 366 376 390 396 484 507 565 656 703 722 809 820 839 842 849 913 933 949 950 958 960 
47 64 112 163 168 199 219 283 310 312 313 341 360 375 400 407 408 426 644 664 874 940 977 
38 50 101 110 126 395 490 520 655 842 966 
4 24 106 135 170 171 240 345 360 517 605 611 642 671 686 723 740 842 878 919 
107 121 229 249 318 429 441 559 571 581 641 699 792 793 845 897 
7 14 42 135 149 241 245 257 319 329 435 468 491 526 604 704 714 721 734 815 854 872 909 912 943 959 988 990 
66 74 183 207 235 246 331 376 402 490 491 529 643 718 791 796 841 846 847 969 981 
72 99 130 164 244 312 333 391 396 451 468 476 482 513 590 598 638 645 678 757 820 828 830 861 965 
114 251 257 298 307 389 472 531 550 574 673 789 925 973 
129 211 235 247 319 328 424 454 455 631 648 763 856 911 926 994 
50 73 126 198 264 359 360 501 509 606 632 652 666 677 680 889 918 934 
68 279 283 304 320 326 333 507 628 664 711 757 788 857 859 913 
9 29 64 93 107 233 274 284 325 430 454 455 528 621 749 762 899 993 
3 88 189 208 304 312 315 318 340 361 371 436 477 484 504 542 644 654 773 819 892 934 973 
88 183 195 259 266 333 369 391 527 576 593 678 789 829 848 904 924 958 964 965 
17 29 32 38 41 77 114 124 142 148 153 233 242 243 254 393 394 494 506 510 529 672 696 778 802 844 849 940 
24 228 383 389 473 588 634 636 654 717 720 732 752 801 993 
42 113 177 332 342 373 417 427 513 514 522 535 574 696 739 788 811 867 872 970 980 
77 81 138 161 234 357 366 443 455 491 542 610 649 674 695 702 909 
110 171 186 200 234 317 417 489 493 505 584 637 646 694 731 739 746 835 846 907 
43 62 143 202 213 239 368 378 457 553 633 724 785 819 820 
12 27 56 214 223 250 252 255 265 347 408 431 494 618 654 724 734 789 796 866 913 923 938 956 959 976 989 
29 84 101 122 181 218 247 258 293 296 324 353 679 688 813 872 903 907 994 
46 60 75 90 245 358 376 413 492 536 699 842 877 930 972 
47 83 94 110 168 186 249 266 507 516 532 533 555 574 623 806 837 854 886 899 914 925 927 961 975 979 
35 80 174 191 246 253 263 297 339 465 470 664 825 888 906 963 990 992 
11 38 46 69 80 103 124 125 143 219 393 421 465 530 537 562 563 588 590 725 832 852 931 
73 173 376 408 420 471 553 571 629 734 743 770 772 804 873 933 943 944 976 981 
241 290 369 429 432 477 536 537 564 577 633 646 669 694 697 734 788 795 798 820 856 892 959 
35 83 198 243 250 451 458 474 503 516 613 652 671 689 724 729 731 830 853 912 929 965 967 977 999 
41 45 48 55 115 196 232 322 468 485 489 513 638 644 746 769 803 820 837 842 851 934 
94 102 146 220 369 447 528 557 575 744 752 949 986 
163 189 203 224 233 280 359 467 472 500 540 630 687 713 727 753 773 829 
94 283 378 504 570 710 764 793 810 866 968 
76 98 99 132 155 196 335 348 359 380 408 418 450 485 661 664 745 755 762 806 815 863 924 929 966 
26 27 34 111 171 190 205 219 239 283 339 426 454 489 507 607 620 635 749 751 783 798 802 855 859 911 971 990 995 
32 36 41 79 98 123 154 179 185 189 254 279 283 419 528 593 651 670 691 755 799 891 894 903 907 940 945 958 964 
42 75 83 93 132 150 160 234 345 382 429 462 513 515 558 574 677 688 744 766 877 905 921 
82 168 369 395 454 455 490 541 608 648 673 760 805 808 824 850 
57 104 111 138 187 265 353 394 409 416 491 550 601 612 697 789 856 886 903 928 
67 102 112 119 126 137 139 245 292 308 327 346 377 474 542 646 763 856 921 928 939 947 995 
70 219 288 329 348 355 384 401 428 530 542 565 609 741 878 891 905 
2 4 27 32 173 211 225 246 291 372 396 448 495 602 629 631 724 776 809 847 861 962 
41 126 351 421 514 532 707 708 759 781 927 965 
49 88 103 116 150 176 177 218 303 348 402 405 408 432 560 579 608 618 698 731 840 847 943 978 
8 16 52 76 94 135 197 215 300 420 454 556 571 684 698 730 739 928 977 
19 40 45 83 87 212 230 325 333 427 437 444 470 554 597 607 683 693 775 793 797 843 879 958 959 965 988 995 
34 187 221 290 327 331 507 521 658 677 717 744 757 781 933 
10 110 137 213 222 237 238 240 277 336 390 484 487 576 681 705 706 727 776 800 815 823 842 886 912 919 934 949 958 963 
68 127 176 193 229 240 303 319 339 353 371 378 397 564 624 652 659 794 818 822 911 980 981 
4 35 45 236 245 276 387 513 515 577 594 616 773 797 807 903 923 943 976 
82 84 222 225 230 326 338 370 375 465 482 490 508 510 613 666 806 847 
209 239 289 297 317 357 609 625 678 734 780 785 830 833 836 863 884 933 944 
32 38 58 94 99 137 337 357 376 400 439 451 471 631 680 763 865 965 
57 104 185 293 517 558 624 722 840 877 887 969 
17 116 236 253 300 322 399 495 536 563 590 596 622 662 694 789 969 
31 73 74 196 231 321 330 345 499 511 540 569 595 634 647 668 680 752 905 921 
9 25 30 44 57 66 73 91 161 163 275 320 330 360 538 580 604 645 
127 150 251 297 306 315 498 504 549 598 611 623 690 735 743 785 835 838 881 891 924 982 986 997 
16 18 93 105 159 232 319 328 464 468 490 554 560 621 662 687 734 758 787 821 918 928 936 989 
3 103 147 280 284 291 309 382 462 486 504 555 590 603 604 652 745 762 773 779 833 910 936 
32 60 113 144 210 225 247 291 359 525 558 656 737 740 755 839 922 
80 137 170 255 268 272 350 450 465 496 509 666 673 774 814 967 985 
106 143 219 246 248 252 265 341 356 374 395 435 453 541 557 565 611 789 812 
133 237 259 352 402 430 478 502 525 632 635 690 711 725 742 841 891 
10 15 40 64 182 209 211 256 282 427 474 475 537 562 600 632 695 785 931 
7 38 53 100 200 325 387 458 501 552 584 626 688 698 747 761 766 903 922 930 
120 249 262 343 397 461 521 545 559 619 770 860 932 994 
120 157 182 249 311 335 340 358 529 543 612 659 714 725 744 783 924 929 940 969 
39 51 111 160 166 193 222 225 319 387 391 396 401 441 473 480 560 673 688 716 815 865 893 986 
122 175 254 310 454 461 485 518 598 610 636 721 789 790 793 857 905 908 
40 108 162 338 445 446 505 519 562 591 636 667 689 709 787 927 952 975 999 
34 116 175 187 290 345 348 391 483 507 579 607 659 688 784 793 813 903 
22 101 176 192 327 345 378 384 446 458 578 622 675 694 768 785 789 803 933 957 
18 62 117 144 146 160 224 246 284 380 387 465 518 659 678 742 763 839 864 903 960 975 984 
86 112 146 147 187 243 255 289 495 497 514 625 644 678 754 771 786 799 844 886 
47 96 195 197 266 284 306 345 349 366 439 524 642 676 693 795 873 960 
30 90 92 132 155 212 213 220 235 286 300 594 609 614 671 672 725 729 749 776 778 832 981 999 
7 9 13 20 39 41 73 87 135 177 300 345 378 466 559 714 838 910 939 940 
15 43 52 60 61 105 109 130 180 238 308 357 516 584 678 732 752 790 805 811 887 911 949 986 
17 29 51 107 186 215 241 295 343 385 392 459 472 614 648 791 823 954 976 989 
86 135 167 171 178 183 204 206 207 315 410 431 440 441 493 569 657 658 704 728 833 862 921 
81 95 121 186 226 294 306 331 525 541 611 687 718 742 756 768 770 812 818 832 899 904 963 
18 71 82 86 110 113 151 249 290 310 342 396 416 475 488 544 552 597 604 615 636 644 657 685 737 780 812 856 873 917 921 
72 216 377 381 452 505 530 579 594 602 653 696 802 
13 55 87 152 160 282 297 388 479 641 649 835 841 925 970 
36 49 137 153 183 230 258 261 297 321 354 399 411 522 529 534 584 655 686 837 849 911 926 
15 31 120 131 149 174 242 279 337 344 379 480 501 514 523 529 716 817 922 923 933 
57 68 88 271 284 307 374 441 501 539 599 625 645 664 708 795 801 845 884 913 
17 19 214 499 539 549 621 722 747 795 820 843 845 891 895 943 950 957 963 993 
28 59 65 85 112 212 302 340 348 363 373 430 449 505 550 713 765 804 848 883 929 931 958 960 979 991 
60 70 77 282 330 335 344 364 389 394 403 426 482 511 525 546 566 573 598 725 769 944 967 
11 36 54 81 131 153 170 250 298 439 483 491 526 668 678 679 680 761 811 819 824 854 862 964 
52 85 140 158 184 219 241 258 283 334 415 549 595 668 704 720 727 803 834 836 865 879 895 917 944 983 999 
47 160 331 396 425 433 448 539 619 631 681 708 710 976 
85 184 237 286 322 354 429 454 548 558 581 593 621 642 649 834 882 912 918 923 955 
100 121 194 292 301 386 465 494 502 576 649 783 798 817 832 909 931 980 
6 10 72 118 130 132 147 196 282 321 462 524 525 563 598 616 657 663 685 747 820 863 968 
161 170 247 300 320 467 493 508 578 589 617 662 778 849 910 
10 29 123 150 151 165 230 265 291 317 349 355 447 654 729 771 850 893 952 
187 284 408 421 429 442 514 521 535 547 549 847 909 912 934 959 995 
78 89 129 212 388 390 399 475 483 503 510 549 588 712 765 813 947 
82 153 170 207 229 238 298 307 321 402 477 494 523 539 544 549 614 618 756 792 899 904 946 984 
114 123 135 183 262 435 470 496 516 526 541 565 587 689 793 806 824 834 
14 38 181 186 293 300 345 350 365 429 472 624 657 680 778 847 864 875 878 
16 35 56 67 213 260 277 381 460 548 557 590 630 683 697 716 852 871 916 968 982 
66 80 112 153 366 370 402 427 487 544 597 658 689 742 749 756 784 816 957 959 
54 112 172 189 379 481 554 566 623 748 770 771 789 906 937 981 
1 156 166 180 241 248 251 502 505 683 811 843 857 876 895 913 924 
75 95 143 175 204 247 339 355 414 535 539 577 585 616 717 746 882 904 
31 66 85 194 269 346 423 430 564 612 662 710 759 822 847 923 957 972 
11 186 187 201 221 281 297 324 378 469 526 626 629 646 772 809 812 823 885 953 
69 86 156 322 325 368 470 531 600 609 614 619 625 627 675 715 749 764 838 852 877 935 961 
152 162 168 225 227 259 260 267 323 390 426 429 489 507 512 686 701 742 904 938 974 
37 91 156 170 201 237 324 380 414 448 489 524 593 683 691 776 798 820 856 935 982 
31 144 210 242 328 400 443 465 505 512 529 552 565 585 652 736 791 832 973 
18 219 237 279 397 577 647 654 696 707 799 808 846 852 866 912 932 
27 37 71 196 456 513 541 561 652 708 942 951 985 
242 262 294 365 410 418 508 743 765 787 790 880 935 977 999 
51 86 128 197 225 227 234 244 311 346 348 362 387 483 495 530 531 534 594 632 654 670 729 840 850 869 900 932 968 
79 153 200 219 228 265 338 349 457 464 492 588 591 601 675 688 704 784 945 991 
49 81 99 159 322 396 416 430 434 445 446 590 597 728 774 775 787 803 885 904 905 976 986 
7 114 121 195 275 361 442 585 624 660 686 703 713 766 836 930 953 983 986 992 996 
140 143 168 258 359 361 375 397 410 502 529 575 608 623 625 729 751 753 828 839 844 904 997 
22 77 84 87 112 136 174 197 271 287 316 331 340 441 496 758 759 761 878 885 
7 38 54 81 155 178 215 263 372 381 412 423 432 508 590 798 942 957 
4 125 149 171 178 242 259 283 413 453 495 655 676 703 736 847 865 884 931 938 961 
176 199 207 325 383 405 483 566 662 729 732 793 861 925 963 976 
20 40 195 196 204 240 365 380 412 413 422 428 577 590 617 619 623 629 674 688 695 728 746 797 816 825 866 949 
25 97 111 212 256 287 338 350 419 466 476 577 621 701 733 766 792 820 907 908 988 996 
38 83 123 183 184 234 241 255 256 276 286 292 334 436 459 487 538 770 788 804 824 829 879 895 921 934 997 
34 70 159 302 361 410 430 450 456 463 600 665 702 712 783 910 
85 137 233 362 507 574 666 677 711 820 824 857 902 
37 76 170 264 290 315 323 326 372 428 503 534 539 560 562 701 708 722 771 805 840 845 892 
22 72 108 110 120 176 188 202 204 259 277 411 429 431 487 565 572 819 840 879 969 
29 149 199 271 308 414 445 504 528 534 565 595 598 610 766 783 802 885 891 991 
25 45 82 131 172 173 204 330 409 461 462 485 525 548 581 619 721 772 801 858 905 996 
77 158 514 525 540 542 671 724 763 858 859 860 996 
29 39 62 175 243 330 382 392 405 409 441 462 550 567 570 595 608 629 634 636 664 674 697 728 938 992 
84 128 157 161 215 265 334 352 465 488 773 835 879 
41 76 84 108 136 163 240 410 445 466 476 515 571 597 617 768 787 796 857 896 939 988 
1 81 274 390 403 424 579 639 659 690 742 748 760 773 825 839 864 976 
21 36 41 115 235 367 405 414 550 589 599 607 630 648 656 691 712 775 853 937 961 
13 37 201 221 253 270 331 444 459 460 507 515 543 553 613 635 686 730 742 793 850 964 
58 60 80 90 124 184 304 321 596 597 616 630 635 664 725 811 898 901 936 
35 155 212 265 338 473 482 516 547 579 615 644 696 743 760 773 895 995 
2 15 115 166 311 318 453 484 486 556 584 597 614 634 644 664 665 709 712 720 878 886 919 926 950 955 962 
37 76 129 142 168 176 178 223 245 334 375 407 440 461 464 517 540 569 621 628 644 863 867 876 
39 42 103 133 179 188 205 208 255 296 341 362 389 391 406 429 520 532 553 579 664 738 899 954 994 
23 52 78 132 178 209 226 250 257 294 306 320 322 365 445 508 512 589 640 816 869 901 928 969 
8 126 385 403 420 424 507 529 772 795 841 858 898 909 957 
20 43 105 151 175 232 253 328 334 348 368 388 499 654 679 694 769 776 798 852 947 
11 22 48 55 70 99 104 114 237 294 404 425 451 525 592 715 733 741 743 757 810 897 968 972 
127 133 157 164 179 351 371 391 416 524 575 594 660 694 704 714 777 
50 55 68 167 256 266 342 351 362 406 410 446 490 496 501 510 563 598 618 641 672 778 943 
1 162 182 285 289 329 415 459 508 562 604 713 757 920 
40 240 333 339 377 449 535 611 638 689 702 797 813 850 875 886 
146 154 161 192 381 423 454 485 493 535 560 582 672 678 685 696 741 
44 87 141 192 203 231 240 243 245 267 337 423 429 470 475 540 574 590 632 669 782 892 965 996 
129 138 254 275 313 415 443 459 484 494 645 666 748 773 795 847 873 971 
39 171 246 285 298 299 487 496 595 597 714 739 782 818 916 
94 107 138 238 408 423 494 581 593 610 782 811 841 941 966 980 
99 179 235 252 365 408 426 606 642 646 727 772 803 821 891 922 940 
124 206 378 383 406 485 513 519 535 670 694 720 749 784 824 828 932 971 972 
13 68 136 213 262 350 417 468 476 577 580 585 784 889 901 927 
77 80 163 170 250 253 259 305 360 424 446 534 625 704 827 839 864 900 915 928 
0 71 116 214 256 349 470 742 819 852 871 917 959 968 976 
33 36 115 213 280 346 365 386 409 475 480 486 498 513 582 628 789 836 870 936 
58 131 140 161 164 196 201 219 314 332 349 400 444 477 478 610 614 655 660 725 846 875 907 914 956 974 
24 152 207 238 247 253 440 561 611 660 673 687 722 848 871 874 949 
26 84 88 156 174 315 350 370 374 391 397 434 518 684 692 754 
38 104 114 126 156 206 270 371 391 406 455 519 600 659 722 893 938 958 997 
4 166 172 211 220 268 294 373 402 454 536 718 778 793 806 902 968 
179 203 258 270 394 497 551 614 690 882 888 902 955 987 
33 73 114 206 212 252 323 329 373 596 607 733 755 794 801 854 
16 87 186 270 340 344 387 434 467 470 571 659 706 764 767 865 890 931 
5 9 11 15 117 129 147 230 326 505 564 624 682 690 743 759 761 949 
13 195 391 394 519 590 697 750 755 876 
34 126 131 181 196 198 248 465 485 521 549 613 656 660 812 818 939 999 
11 20 26 124 154 166 175 180 210 300 304 431 460 467 560 583 619 655 673 796 803 812 837 904 908 912 
228 335 397 417 431 632 658 687 703 726 802 835 905 
29 250 267 304 336 363 369 422 442 495 502 585 678 710 746 788 803 826 872 886 975 
118 241 264 345 379 402 542 683 722 748 759 766 841 873 971 994 
28 35 114 203 236 244 258 293 303 319 321 344 349 387 416 428 440 460 580 703 759 771 790 807 873 881 999 
8 52 77 111 120 163 178 194 212 374 379 405 468 679 830 872 920 
89 91 195 201 333 447 531 600 804 864 884 898 955 
5 40 86 116 152 212 227 228 262 296 353 393 485 528 551 595 695 796 852 856 929 934 969 997 999 
99 123 175 310 403 421 441 490 512 516 609 610 613 731 741 934 
84 163 168 191 250 332 386 424 456 494 495 511 518 603 653 655 681 720 786 797 922 
47 51 77 105 173 237 238 310 329 332 383 405 440 553 593 658 692 733 749 840 881 
144 206 227 238 367 401 490 516 548 555 568 584 671 672 689 697 820 867 874 903 930 975 
23 96 149 228 239 287 496 580 583 625 669 682 895 927 
51 95 167 192 250 317 335 390 415 450 580 609 624 690 725 748 826 
61 175 192 213 288 307 408 496 513 564 678 799 815 850 899 
23 45 53 128 145 149 204 396 403 449 465 466 506 512 545 579 588 610 623 699 762 844 860 881 927 978 
90 115 161 255 281 418 449 481 495 523 542 551 607 615 677 741 966 982 993 
4 17 43 88 113 153 169 254 255 274 279 281 292 308 324 614 617 730 855 989 
18 44 90 206 212 231 292 295 436 486 493 514 579 605 614 664 682 798 916 935 
51 84 103 111 117 167 384 437 482 626 952 953 977 
6 9 26 107 160 175 187 295 320 338 345 359 366 389 517 529 577 603 686 695 860 877 960 
10 132 144 186 222 281 333 354 400 401 427 433 477 562 597 598 667 675 741 788 802 805 832 838 842 856 862 923 971 
36 46 53 59 76 111 124 168 273 276 282 320 397 436 508 527 543 619 820 861 932 959 
38 86 87 178 232 347 422 509 512 585 649 845 872 874 884 926 935 
50 211 249 502 503 528 554 564 596 601 665 733 776 844 934 943 975 
17 26 53 174 209 272 329 333 343 720 806 825 961 992 994 
12 13 27 126 190 239 281 310 390 400 406 417 425 455 558 609 614 672 678 680 800 840 849 856 860 885 
51 64 234 277 286 419 465 524 570 619 635 688 725 760 808 834 
16 73 154 159 166 171 283 297 304 372 404 412 416 520 526 702 738 747 799 835 858 928 975 
45 56 103 135 146 165 185 213 234 327 343 350 386 442 462 539 593 604 693 715 755 829 832 843 863 882 893 994 
18 50 148 157 159 198 216 217 249 265 286 321 362 388 406 473 556 566 573 612 725 805 870 
38 44 178 215 238 259 381 382 404 455 555 821 844 853 858 881 895 988 
61 110 160 167 186 188 291 295 298 405 473 520 563 645 656 691 706 714 734 748 754 779 783 791 879 880 925 948 979 980 987 
75 98 203 312 431 524 527 547 580 645 887 888 923 931 
42 45 97 135 148 226 305 311 346 357 445 506 598 626 649 800 817 850 944 946 997 
37 159 170 237 262 308 451 523 751 814 822 928 948 
9 31 54 87 104 115 167 280 310 370 392 477 510 549 680 697 750 776 790 904 
45 50 65 148 209 222 234 263 284 377 380 404 407 417 489 521 533 552 624 628 639 662 691 771 820 877 964 
1 55 87 279 342 439 470 586 799 869 895 963 
15 27 128 261 350 389 419 445 469 717 806 819 853 893 916 956 969 
58 114 118 119 123 181 184 251 293 328 498 556 575 584 605 608 657 804 994 
0 53 84 97 165 171 254 295 362 458 530 544 560 588 615 617 627 659 677 694 718 726 795 942 
0 59 101 138 310 366 426 536 580 681 773 777 851 958 
1 21 36 89 101 117 211 294 335 359 365 403 618 666 690 701 712 734 743 759 774 799 891 908 958 
164 261 363 382 451 454 515 520 538 641 663 855 862 866 999 
14 34 38 181 336 425 461 493 511 568 608 653 664 688 698 766 811 901 910 932 935 963 994 
60 68 111 174 192 208 366 403 422 565 601 644 662 722 740 798 888 
60 83 126 280 295 334 358 371 395 450 471 500 542 565 623 663 716 724 785 804 826 841 933 
116 185 264 265 298 383 432 576 621 633 644 883 900 959 
32 48 49 76 147 219 260 296 385 410 441 521 659 694 710 759 790 794 879 919 
16 26 116 142 172 232 416 438 463 542 551 594 637 639 752 821 842 959 997 
36 71 92 134 262 264 344 380 504 525 535 613 628 764 776 820 985 996 
89 117 119 264 293 312 337 351 371 377 380 409 452 487 592 599 609 721 724 787 818 835 836 872 876 881 888 975 
14 21 121 143 152 277 530 555 611 633 674 709 765 885 911 973 998 
17 63 67 134 159 207 214 253 302 324 356 365 407 434 516 736 784 876 908 948 980 990 
11 91 128 180 193 272 276 281 340 361 371 501 512 518 542 548 610 653 661 736 765 842 869 871 887 895 907 947 
48 131 264 282 512 622 682 753 819 864 927 934 
76 96 115 198 326 378 455 466 502 517 655 751 769 786 865 878 896 918 923 937 943 977 984 
35 121 145 181 214 248 390 429 449 518 613 625 685 822 844 877 940 994 
4 36 136 149 190 297 315 406 427 493 558 614 632 653 674 683 702 722 744 840 878 983 989 
62 104 131 148 162 202 212 225 242 257 277 287 291 295 305 424 434 442 515 619 674 711 731 769 815 837 944 992 
37 66 165 275 324 403 416 430 433 474 487 561 730 774 882 
179 193 213 302 337 411 480 495 632 643 647 710 738 769 921 970 
229 368 437 484 512 528 624 643 684 710 711 813 829 844 873 947 983 
81 102 240 307 310 311 319 495 557 604 639 683 698 770 895 930 948 
76 110 139 156 199 248 284 560 648 679 742 806 874 996 
0 10 66 88 149 183 250 279 285 423 453 467 523 525 592 597 605 617 619 642 661 739 800 827 829 873 915 948 994 
1 121 217 228 274 286 307 319 338 382 477 538 616 648 691 706 756 797 819 848 857 902 964 992 
188 257 463 513 577 619 663 678 789 794 796 894 945 960 
116 168 179 243 250 330 391 433 514 714 799 826 831 890 939 961 992 
47 52 91 105 133 205 298 324 363 521 577 589 728 765 770 779 817 909 
41 58 87 99 176 252 277 469 596 636 651 702 751 780 841 847 918 923 999 
38 160 163 234 242 300 303 453 465 495 530 586 636 753 767 819 840 841 942 946 977 982 
14 38 51 64 66 94 120 132 140 337 353 361 378 396 520 521 639 651 708 856 903 906 915 982 
10 91 222 245 285 295 305 309 360 509 567 573 590 653 667 772 816 826 832 970 
265 318 343 439 453 681 713 714 901 915 918 933 979 
42 65 94 132 211 226 249 299 316 357 415 474 532 589 614 622 643 646 653 718 777 782 915 917 930 939 998 
45 114 157 163 194 207 313 353 439 447 470 560 571 766 778 843 848 889 951 994 
64 159 173 273 306 320 389 416 418 469 503 518 529 534 646 745 761 769 860 951 977 
26 29 150 243 267 288 395 477 512 569 595 659 671 705 739 751 762 763 772 942 998 
103 214 239 386 407 611 661 721 784 903 991 
10 194 211 242 303 348 379 437 449 519 564 586 591 596 652 804 
34 38 56 77 85 100 165 192 194 251 309 330 375 501 554 609 622 646 687 807 860 964 998 
14 52 68 197 234 280 288 444 455 528 530 558 577 587 597 614 625 709 732 781 782 794 843 861 910 925 
10 19 207 259 344 411 497 565 614 656 686 733 780 827 880 884 913 984 
35 88 184 203 218 344 483 538 624 634 653 686 706 725 751 770 781 807 855 877 906 928 
14 98 162 206 271 293 298 405 545 644 652 770 794 818 827 838 853 855 874 895 906 941 975 
124 137 175 229 260 264 340 352 420 480 516 563 577 667 739 748 801 810 817 948 951 977 
17 25 61 166 214 221 317 357 366 392 398 428 473 488 579 593 651 679 702 764 809 876 950 973 
102 109 138 266 291 315 377 420 472 509 593 595 621 630 658 724 778 947 953 958 
68 125 134 165 187 195 260 364 367 391 408 479 528 576 584 585 709 732 759 761 887 936 
43 79 90 128 186 224 227 234 245 257 443 451 487 494 515 531 652 669 682 768 800 842 
42 120 208 260 320 373 417 490 544 641 717 846 926 944 
67 165 218 220 338 390 449 483 586 628 678 764 888 952 
17 120 123 162 183 244 269 391 448 451 469 614 721 812 832 847 893 935 947 
38 57 65 177 180 241 300 301 315 442 510 544 599 633 647 667 732 746 787 889 959 
66 75 82 173 193 227 302 383 524 541 733 832 976 
25 67 82 149 168 296 417 544 598 648 740 891 913 972 981 
17 122 299 301 400 459 565 657 715 765 819 857 986 
14 23 38 110 149 158 219 268 296 329 350 488 497 504 542 630 668 679 796 813 834 898 986 
188 194 290 299 409 448 458 504 541 559 579 601 623 666 719 741 798 849 868 897 998 
11 74 116 213 217 226 313 314 320 388 409 494 588 620 667 689 888 959 
81 176 288 326 389 473 529 577 605 625 657 676 689 743 750 796 829 873 898 
17 22 73 76 151 463 474 585 717 738 801 802 808 840 869 934 939 951 
56 76 79 80 114 124 131 147 233 257 424 429 469 480 489 591 600 685 759 845 866 975 983 
36 45 131 168 181 238 266 281 282 310 324 380 398 432 446 460 531 624 898 940 
43 97 127 132 314 537 723 733 789 802 807 825 841 849 968 986 994 996 
34 79 93 97 240 331 433 434 456 546 557 563 620 636 767 791 807 851 861 903 907 966 
18 125 150 182 223 225 272 299 300 378 409 419 443 495 521 620 637 646 669 722 901 958 985 999 
21 43 112 115 123 166 201 240 468 474 510 520 605 662 669 670 684 695 703 732 749 758 760 831 832 861 911 
117 141 178 221 260 297 494 508 553 565 581 738 886 913 915 978 
6 39 56 63 101 169 340 356 380 464 554 567 575 582 586 592 632 720 892 
17 42 92 262 308 335 405 641 673 728 856 878 894 
56 76 118 122 133 211 307 374 472 505 525 529 707 725 809 853 866 921 950 983 
41 51 52 62 68 116 230 248 341 513 603 641 714 743 763 827 916 959 
73 76 157 252 268 274 296 313 460 551 557 578 599 655 728 771 803 804 816 886 906 
13 48 66 85 94 146 151 161 344 369 398 423 426 509 530 563 583 617 694 706 780 781 831 845 897 987 
29 57 100 243 265 268 376 414 598 642 671 707 804 953 974 
13 53 85 100 117 342 398 503 546 614 629 669 780 813 822 832 914 918 952 964 972 990 992 
36 37 58 141 148 182 222 342 402 408 412 447 565 592 594 766 767 783 784 901 916 996 
32 96 139 159 176 190 232 354 382 384 403 428 445 599 640 683 688 742 812 821 873 882 902 907 971 
29 123 170 187 215 251 258 299 310 343 393 419 456 463 492 529 628 745 778 853 909 936 938 985 995 
27 97 140 153 160 199 226 247 267 270 338 395 417 450 543 551 557 616 684 730 762 771 866 
58 77 127 134 196 269 281 286 321 396 411 446 493 592 595 727 743 794 859 904 911 943 944 973 
100 141 150 164 182 210 346 452 474 544 595 614 648 654 705 750 763 769 812 840 857 892 988 
7 41 50 72 89 105 182 198 226 261 300 327 328 432 527 623 630 741 748 803 844 883 920 929 936 988 
88 207 224 312 579 600 603 620 674 691 749 757 768 778 799 825 874 940 956 995 
53 96 221 236 248 264 358 382 433 445 551 590 700 708 772 960 961 976 978 986 988 
37 64 66 94 120 213 242 258 273 371 491 495 545 569 594 621 623 637 643 644 699 800 832 868 956 
43 50 142 151 233 236 268 295 297 360 451 493 499 539 541 638 655 739 774 875 886 937 982 
54 55 147 151 191 239 364 375 559 571 629 723 749 755 867 974 
9 172 303 346 388 396 424 484 507 558 630 654 703 743 760 779 805 904 981 997 
9 77 96 172 267 290 407 408 414 424 532 641 716 733 792 846 853 871 874 946 
41 91 107 162 196 223 368 388 516 580 695 773 842 856 941 994 
11 39 64 111 120 233 247 384 532 550 802 839 889 903 909 959 
3 45 49 183 190 219 329 397 405 532 629 643 722 798 944 
64 92 113 244 312 325 343 401 410 494 502 505 526 537 561 564 570 597 609 630 666 713 719 720 977 
144 197 295 373 471 502 579 651 658 745 759 813 915 
14 64 75 91 126 148 241 290 336 375 429 479 505 532 540 562 617 661 762 848 860 933 977 
15 72 122 139 158 299 300 324 362 475 507 578 622 639 652 653 676 746 883 904 914 919 
30 55 79 118 196 214 247 248 306 354 506 512 577 608 739 760 770 984 
23 38 97 105 210 225 233 248 290 311 314 340 661 663 680 851 852 872 890 898 899 
56 106 182 232 464 540 579 588 684 686 691 716 733 744 767 796 919 931 966 
63 84 110 197 302 311 345 357 376 382 497 562 580 638 644 650 686 719 769 802 836 898 
52 71 150 177 230 328 342 494 585 702 769 810 814 822 916 937 
78 306 446 498 611 625 657 665 743 779 787 816 864 874 947 
65 98 111 131 216 261 307 369 448 476 485 512 514 723 795 813 858 931 965 985 
4 277 382 471 472 564 596 605 707 742 847 
46 162 192 254 331 403 433 487 505 551 600 617 631 777 828 905 961 986 
143 222 250 265 277 286 429 458 512 538 546 739 754 813 829 865 899 900 
11 64 172 512 600 686 734 736 761 812 815 828 832 946 
19 22 31 32 35 45 70 137 147 158 222 255 282 284 287 299 323 349 364 420 464 492 497 524 526 621 633 713 745 756 778 876 911 938 940 954 
22 117 131 246 254 338 339 479 480 527 610 612 647 693 761 837 938 944 979 
99 104 324 341 359 379 545 620 955 982 997 
13 170 235 283 337 355 401 419 498 546 593 597 641 690 744 747 757 765 818 896 932 
14 20 84 102 182 342 420 421 498 521 561 652 670 674 695 789 878 
9 121 163 217 223 290 418 438 476 631 701 775 785 829 867 893 905 914 919 968 
19 28 133 330 347 380 398 518 574 582 629 703 834 926 932 
5 56 87 114 122 155 165 177 187 212 243 359 400 404 529 550 697 904 913 
52 120 147 149 286 459 537 550 558 608 616 619 622 632 634 723 767 774 873 890 896 920 962 973 
20 64 131 240 317 398 418 463 545 583 627 779 798 817 824 826 835 
58 65 314 315 383 433 514 528 638 690 760 796 873 893 968 980 981 
3 5 7 121 232 242 256 284 331 373 389 399 401 420 510 723 746 789 869 894 917 975 
14 108 122 180 256 264 305 401 553 561 675 685 735 766 812 937 980 
50 81 92 99 108 113 114 171 182 210 223 266 330 349 441 458 574 587 675 782 804 822 893 894 942 948 
202 244 294 336 424 460 475 479 486 501 541 568 597 660 781 794 810 829 854 883 896 899 996 
90 112 152 197 232 422 476 491 513 549 620 644 687 688 692 709 791 799 817 819 856 934 948 960 986 994 
2 17 70 84 91 92 100 272 282 418 475 521 537 671 693 909 960 
5 26 59 248 256 274 394 400 410 415 436 467 490 524 635 656 663 691 694 764 789 838 848 863 872 877 923 936 988 
13 41 78 168 224 270 295 335 404 429 480 527 612 631 694 715 763 787 829 906 914 995 
12 53 104 112 121 129 131 132 272 288 326 507 512 522 561 586 624 706 729 732 734 758 760 770 831 859 874 947 
9 51 122 129 161 176 205 211 230 262 282 325 346 390 395 490 501 565 584 599 800 903 919 
180 255 302 334 380 402 653 757 776 832 873 879 880 906 962 
69 95 136 146 219 324 363 423 460 463 600 617 632 666 721 814 994 
13 45 54 174 205 260 309 313 376 377 423 467 509 525 535 585 624 654 708 746 782 829 920 
68 295 378 385 445 492 500 528 541 583 607 646 695 753 992 
71 97 136 149 179 218 278 408 456 580 637 717 740 838 937 973 
167 250 389 467 502 585 636 681 868 873 909 915 922 997 
54 91 170 212 227 314 382 407 408 569 591 597 663 690 692 892 926 966 
0 156 166 178 357 407 430 480 494 507 595 621 624 663 668 683 684 702 714 717 734 816 921 923 933 941 
19 66 73 99 218 238 295 373 383 391 430 585 615 622 643 679 706 708 780 796 802 826 851 935 
8 53 186 215 222 313 340 342 354 422 442 452 455 472 548 624 739 817 890 900 991 994 
91 98 171 186 187 221 284 309 318 338 358 447 453 683 761 768 778 783 820 835 
22 104 248 292 313 323 365 382 448 479 506 624 657 665 690 785 794 915 942 944 967 997 
22 35 47 65 113 132 136 177 179 204 253 288 357 468 518 558 672 696 704 712 797 808 888 898 909 933 986 
2 40 66 80 128 145 286 306 312 314 328 367 384 533 650 743 758 784 785 904 954 990 
27 61 75 143 150 155 188 238 245 373 441 456 490 512 563 652 747 770 827 844 866 923 936 967 
47 55 124 150 237 249 267 321 392 681 707 774 803 822 826 852 864 890 
35 38 102 141 298 607 669 688 705 722 760 763 850 960 980 
26 50 123 149 160 339 413 486 489 492 509 561 702 874 888 933 943 
109 171 402 506 532 617 622 631 737 760 786 789 810 869 
6 32 33 135 310 387 440 566 784 812 835 919 929 
1 9 101 126 130 205 410 429 448 461 520 547 549 561 567 651 737 747 748 825 830 834 864 879 986 
79 126 129 230 238 271 290 427 435 459 466 503 544 684 771 814 879 882 896 916 935 941 952 975 
2 61 65 84 88 102 139 247 260 264 331 333 367 454 462 473 534 586 674 895 904 952 987 
0 19 33 43 80 141 145 158 178 235 294 388 406 470 518 533 591 601 630 637 660 749 
23 26 153 225 246 249 300 359 366 464 476 499 535 540 605 611 689 715 726 733 746 846 866 867 932 953 978 
11 13 19 57 63 192 213 281 336 362 378 432 497 501 504 540 612 696 819 823 838 839 840 897 
0 8 53 120 231 239 300 340 354 439 544 577 602 605 624 655 800 872 886 986 
3 56 64 236 250 259 265 289 299 430 506 667 711 891 907 917 919 
31 65 106 161 173 308 354 362 368 415 424 429 435 542 554 595 597 655 672 766 784 870 
28 38 64 90 107 121 199 268 284 330 372 443 448 493 521 560 562 590 597 641 772 877 964 
26 69 175 502 530 625 637 722 815 841 860 864 884 894 933 976 
13 61 254 276 407 408 426 464 571 640 651 680 696 753 830 849 900 949 989 
11 58 74 85 94 188 297 384 438 486 504 656 676 714 770 849 919 934 966 
173 220 244 247 354 360 393 404 423 503 617 618 725 747 750 780 781 844 897 910 934 
38 138 179 298 477 545 666 684 710 768 786 835 
101 203 213 219 394 454 457 460 469 478 479 634 649 708 766 789 803 829 842 850 888 914 
43 184 198 206 385 449 463 500 514 635 674 681 695 758 786 826 847 925 
25 257 259 358 371 382 483 562 703 705 737 978 
27 45 138 147 209 234 278 282 362 367 451 460 513 517 531 622 700 705 777 895 998 
55 214 223 309 318 469 512 558 571 664 693 739 801 841 955 
46 61 76 193 209 378 618 678 685 712 724 798 831 850 
78 101 204 223 253 255 289 325 376 394 398 475 518 600 645 655 684 693 735 760 765 839 866 868 878 905 907 915 921 962 973 
258 274 281 408 476 482 554 635 647 683 684 687 697 787 868 879 883 884 913 935 976 
8 28 40 148 180 218 286 288 347 368 482 504 567 688 741 745 751 768 769 773 837 880 929 933 995 
37 66 128 166 228 257 423 489 517 618 685 849 855 856 909 943 983 997 
94 146 184 243 274 295 344 347 424 462 470 485 489 538 577 677 719 787 905 915 941 
45 80 109 143 174 198 224 235 248 258 270 355 379 428 566 600 615 676 683 748 807 818 873 878 923 942 956 
13 81 183 230 250 284 318 326 337 374 430 519 596 619 630 752 805 818 837 973 985 
66 186 198 202 206 477 497 508 516 559 592 616 717 828 895 955 966 
167 241 352 451 529 646 779 789 796 856 939 955 
22 65 103 116 124 246 282 301 401 444 453 468 471 516 517 542 653 673 709 737 800 832 955 980 996 
200 223 352 376 469 565 567 593 638 645 736 753 881 980 
51 370 393 410 425 435 505 542 614 672 694 736 837 971 988 
41 108 232 234 337 474 523 528 618 674 761 777 805 826 878 911 986 
29 64 79 112 171 383 437 470 500 542 560 690 766 776 923 930 963 988 
41 106 141 166 172 214 245 330 358 366 371 403 424 523 561 654 733 743 765 896 969 
12 51 54 74 88 122 172 214 254 416 427 538 571 594 599 608 609 762 988 
10 42 68 174 264 330 363 410 419 459 474 506 510 521 577 622 630 655 692 727 841 870 937 978 
8 34 35 60 137 149 161 184 219 272 273 324 326 346 383 463 506 631 729 768 775 830 873 909 917 947 949 991 
26 160 254 364 407 453 472 494 511 553 597 636 725 741 774 880 
17 95 133 158 169 241 381 392 491 524 535 542 570 702 808 839 877 882 974 
4 28 30 32 60 228 287 295 296 320 360 419 458 507 538 586 604 684 730 742 807 868 906 942 995 
114 180 181 522 638 668 747 785 829 928 949 
169 216 279 360 410 565 578 632 644 732 746 804 866 888 917 
1 27 34 69 97 143 189 251 291 330 483 547 567 634 635 663 671 685 798 902 
6 15 31 49 71 93 95 145 155 178 214 273 297 306 379 460 486 585 618 629 667 670 720 737 807 830 871 895 902 923 993 
7 29 171 184 191 229 238 242 337 418 505 727 742 793 802 810 884 905 935 964 980 
88 89 124 146 167 226 243 337 406 415 418 428 574 602 663 725 736 790 953 954 
18 68 136 157 186 236 277 284 440 456 542 546 617 656 709 742 746 775 904 
90 98 139 158 197 241 276 357 380 415 492 575 586 632 638 662 668 696 716 777 806 845 864 915 992 
15 101 105 275 329 371 524 548 576 588 667 680 699 717 803 825 851 884 890 933 934 958 987 
45 116 146 230 259 317 352 368 437 525 606 612 624 629 650 652 681 749 786 829 841 868 957 
65 71 81 157 166 238 248 254 301 309 420 444 448 458 511 577 764 859 909 
23 115 138 311 313 384 393 414 494 518 556 566 636 698 848 894 
21 160 167 201 210 218 255 322 327 328 344 362 394 454 513 540 542 609 658 687 834 846 868 974 
31 75 142 182 228 237 253 325 436 497 584 636 681 702 752 809 
31 42 66 72 90 181 210 299 334 497 537 625 784 787 839 878 900 
41 58 126 301 318 369 394 410 454 487 498 511 518 608 657 699 755 836 841 843 851 873 879 901 910 918 935 963 996 
53 113 195 199 216 236 295 320 362 387 427 504 515 555 603 683 739 748 752 805 837 968 
0 23 185 229 346 437 481 484 531 559 604 697 727 788 846 868 888 937 992 
7 17 108 115 151 203 356 406 538 543 551 603 692 819 885 969 
45 79 84 126 180 416 421 444 471 473 530 581 597 645 672 674 920 
19 143 200 268 285 309 325 367 375 387 391 449 564 575 641 661 666 746 771 859 890 954 974 977 
50 130 179 185 206 210 273 294 331 402 445 455 464 466 530 560 735 753 789 835 868 893 994 
11 27 82 178 207 282 300 303 321 333 427 441 484 572 601 620 650 674 676 678 716 719 738 938 946 973 975 
89 101 181 231 235 244 267 307 444 450 643 656 692 769 793 805 825 827 869 921 956 982 
24 127 199 230 297 308 313 337 389 426 433 469 482 497 538 619 628 663 667 825 921 968 
101 141 155 234 313 317 350 366 411 474 621 635 651 748 753 769 950 955 956 966 
41 132 180 285 292 322 358 437 686 702 733 749 781 891 912 948 
45 116 124 137 162 188 191 234 241 260 398 507 528 600 647 657 667 691 761 814 856 869 983 
36 82 99 181 214 402 409 434 505 546 648 669 768 786 802 812 853 914 959 
15 106 121 129 152 177 205 342 386 449 480 554 653 726 728 736 862 877 933 
70 121 122 244 276 277 278 288 358 380 406 472 525 647 653 661 685 738 887 899 900 911 939 982 
0 3 67 74 146 210 247 253 327 416 455 476 515 516 522 563 592 616 869 877 890 994 
208 234 414 458 498 515 536 540 560 567 586 588 643 764 765 801 835 881 922 
52 64 78 80 160 231 249 257 282 380 389 396 496 573 606 633 665 712 785 795 936 996 
2 5 33 109 267 302 310 311 314 330 356 377 400 503 527 548 581 658 810 893 916 
17 41 42 91 190 191 230 254 473 568 581 627 675 719 731 805 938 958 964 966 969 
30 35 44 62 149 157 158 178 312 319 342 414 425 430 452 610 618 660 710 728 759 862 974 
54 258 272 346 384 428 602 653 690 776 783 862 889 928 947 990 
21 97 101 123 125 159 168 174 177 200 202 336 367 372 447 468 477 490 506 513 546 696 743 778 940 
60 97 104 119 173 260 422 524 686 786 825 860 895 948 965 
22 53 70 79 81 93 96 196 229 240 252 314 357 547 558 593 598 630 635 702 758 762 842 856 863 921 
25 174 214 239 350 397 427 451 462 490 497 501 505 565 669 672 673 690 713 725 728 800 812 827 846 
205 256 315 404 449 457 490 517 519 586 743 931 975 
50 86 151 164 198 222 234 241 256 394 431 551 559 614 660 704 710 725 747 754 765 834 861 879 905 968 995 
27 118 172 241 261 375 458 520 573 605 624 667 691 812 845 892 927 
17 28 133 141 180 187 263 308 325 334 336 397 416 450 472 546 547 562 578 582 585 707 838 865 900 963 976 
55 160 161 212 229 234 248 275 282 301 326 351 456 511 526 558 565 583 763 903 915 952 
177 339 350 388 429 474 500 505 673 702 749 861 954 
2 55 75 79 190 203 250 286 385 400 424 469 479 499 506 549 587 590 602 605 670 673 676 687 847 998 
49 160 168 183 217 256 271 287 372 458 467 490 714 735 745 891 977 981 
86 87 206 339 530 543 571 860 888 893 961 
18 191 223 230 298 485 527 591 640 735 841 845 993 
4 56 74 144 149 193 230 236 244 269 274 300 313 322 329 353 460 469 479 499 522 549 560 584 621 675 707 801 817 819 848 929 973 
84 167 194 196 425 625 669 692 715 819 853 869 936 975 
15 58 91 119 132 144 154 222 238 329 353 365 541 573 639 646 680 697 721 725 730 774 799 836 893 917 
29 81 170 181 192 255 260 267 283 302 313 330 375 381 399 439 468 521 530 545 572 574 608 623 685 691 738 750 791 850 902 
19 42 84 171 230 234 446 493 574 707 726 809 843 845 977 
49 59 95 97 163 225 289 355 368 425 485 513 517 518 522 611 635 674 799 833 892 895 961 963 968 
59 130 163 205 349 355 464 526 573 578 594 600 654 664 680 682 741 831 839 886 926 983 
3 10 27 118 158 212 260 271 343 395 572 765 779 806 808 878 915 933 999 
20 27 103 104 135 164 198 200 218 234 315 325 328 333 361 402 487 537 549 607 639 662 690 772 786 807 810 827 985 
84 138 201 221 354 394 410 492 504 594 629 679 797 830 890 902 956 
4 24 119 194 336 482 766 786 856 875 880 890 900 902 932 946 965 
50 131 201 286 342 461 516 529 595 637 693 856 874 877 975 
7 102 164 184 203 276 389 396 458 479 484 486 521 534 549 572 578 583 621 672 739 741 828 837 917 932 966 969 
51 84 99 114 120 157 191 242 274 349 406 425 451 484 555 562 588 615 643 740 845 887 939 956 970 
1 48 63 143 183 211 253 310 368 376 485 522 599 639 678 726 791 822 865 876 
35 56 61 63 89 145 162 198 211 400 483 517 609 613 616 627 640 657 716 848 885 896 948 958 
2 5 49 101 139 183 234 284 327 394 404 451 467 582 596 601 608 661 683 734 766 881 
11 99 133 199 225 230 286 355 362 442 504 525 579 588 627 633 675 687 699 717 816 869 884 910 951 
58 72 133 248 347 399 459 478 512 535 552 597 636 646 711 756 829 954 977 
22 162 266 333 339 386 424 449 498 502 581 612 623 627 648 739 773 809 992 
55 134 259 309 440 511 521 568 629 640 674 712 766 830 973 990 
77 104 106 225 248 315 338 414 460 524 579 583 592 640 672 927 973 980 
34 43 178 183 224 321 325 373 376 499 502 551 589 598 606 647 665 737 764 831 847 916 986 
31 65 87 126 194 210 266 286 380 416 572 612 636 742 765 772 848 885 956 973 974 
13 44 133 178 191 227 235 262 272 289 343 400 461 559 701 724 735 767 793 815 879 905 
36 105 140 234 269 347 357 377 390 502 539 544 581 649 765 794 845 944 975 982 
0 86 150 164 165 184 335 356 361 363 443 465 499 541 573 598 603 626 643 644 653 663 666 687 740 775 934 936 947 950 970 
33 119 171 190 228 270 284 290 348 377 503 602 656 747 770 830 960 
52 137 194 226 261 566 746 792 916 927 947 969 
16 68 82 145 373 395 467 482 543 676 714 729 761 773 819 925 933 979 
169 195 264 324 356 443 511 537 575 595 643 656 697 716 777 794 820 827 839 867 886 916 925 942 945 958 968 995 997 
4 94 107 185 347 348 398 575 585 612 614 654 657 711 783 786 793 833 834 901 988 997 
146 149 202 278 365 441 454 508 516 555 560 569 595 611 674 718 749 754 845 866 918 974 
46 72 95 103 129 221 254 257 266 307 339 439 453 458 465 490 523 582 653 713 716 764 779 814 829 851 858 872 898 966 978 
36 128 161 294 389 438 531 541 542 555 655 729 813 836 956 958 
7 74 98 106 211 330 392 456 473 507 553 588 654 766 769 931 943 984 991 
30 95 156 182 412 535 595 642 643 685 842 885 891 893 919 
65 78 82 85 144 178 303 309 316 364 456 470 484 523 560 674 732 775 776 777 785 853 881 898 920 
33 154 201 266 273 359 412 459 475 495 527 658 675 694 743 749 776 777 796 831 870 886 964 982 
23 215 222 240 267 383 460 488 526 567 592 634 643 669 673 703 757 851 858 897 905 909 916 953 980 
16 82 480 665 742 759 794 907 940 
1 7 33 56 212 236 239 475 623 645 711 774 912 928 951 
165 204 252 412 469 615 633 648 683 701 895 932 957 966 
3 39 62 107 172 194 282 313 345 563 584 591 599 603 661 666 715 816 874 
21 29 61 64 101 113 152 193 242 263 393 459 496 529 602 614 634 652 657 675 698 720 742 820 843 878 922 966 
39 50 136 222 319 425 451 458 488 495 505 627 634 636 645 722 741 875 962 972 
36 110 162 273 296 429 469 475 522 532 553 580 582 677 778 839 882 932 952 
8 84 89 99 107 120 143 196 200 240 424 437 438 546 578 669 688 689 786 798 826 938 993 
10 68 116 125 173 202 233 257 283 294 442 584 589 669 746 855 868 905 935 993 998 
16 52 149 157 215 230 233 301 304 351 360 405 415 474 478 498 575 615 620 656 663 667 686 705 756 818 914 919 925 948 
8 126 223 296 300 317 368 401 576 648 769 800 828 830 866 917 927 992 
76 90 140 173 204 281 283 373 379 404 411 537 774 912 921 997 
29 79 120 152 180 187 291 297 448 493 617 636 646 684 710 760 772 806 865 
13 27 108 172 178 275 292 333 369 388 393 394 396 489 566 598 604 609 613 619 657 680 724 795 804 827 841 924 953 954 984 
64 118 261 265 378 453 518 656 669 734 777 789 961 980 
7 9 59 108 123 174 306 339 397 407 448 516 543 545 571 728 760 814 824 902 
17 109 141 221 235 285 289 431 456 540 573 585 593 612 636 692 725 795 799 829 898 
1 20 97 102 125 145 146 154 183 207 222 243 278 304 317 484 502 520 532 613 656 687 746 783 883 895 944 955 
16 66 101 161 224 435 462 490 499 616 644 678 682 705 838 949 
62 64 99 148 162 207 217 227 268 292 513 605 640 677 691 820 936 939 959 
3 11 99 131 134 141 237 288 344 373 418 510 514 552 634 650 655 726 750 752 754 771 788 796 805 915 944 975 
60 77 95 121 196 233 251 372 454 501 532 588 702 736 833 843 900 906 972 995 
3 63 179 233 242 245 268 270 316 356 369 377 427 429 509 513 617 673 687 697 705 740 743 909 
343 353 389 482 508 595 632 639 671 770 777 831 839 901 
8 30 160 213 290 330 353 432 459 560 660 819 843 894 918 958 963 
4 53 58 136 203 220 313 323 390 517 568 616 644 677 761 796 807 875 958 962 963 
8 10 45 85 123 269 321 324 394 503 616 746 791 964 976 
40 44 478 486 535 628 632 689 726 779 813 887 898 909 923 
4 34 49 90 130 187 201 226 277 341 385 412 414 452 496 524 630 640 658 661 748 796 865 
5 208 273 287 427 468 482 485 577 916 933 967 972 978 
129 245 264 309 324 342 355 357 384 386 446 462 529 579 602 719 736 936 
9 35 42 63 77 133 141 242 250 287 296 376 399 409 410 463 471 621 698 712 761 778 791 826 861 877 909 923 
176 222 231 294 389 397 420 432 441 455 583 590 644 690 733 738 909 941 985 
37 90 94 148 182 195 267 371 388 531 626 684 721 899 930 993 
14 176 481 534 619 643 676 716 725 797 891 898 928 975 
71 82 163 195 218 230 261 307 339 421 449 465 487 527 574 592 623 683 728 817 868 869 896 938 984 989 995 
5 77 135 151 243 292 311 336 382 404 524 584 588 673 690 730 756 795 821 901 939 
26 41 150 175 213 239 342 365 434 634 738 783 910 929 
10 51 76 79 102 155 216 301 326 330 367 385 483 522 528 554 803 822 939 961 
53 57 82 139 151 206 209 229 233 490 602 618 695 719 752 852 903 949 954 
22 67 289 399 591 627 738 741 781 832 848 995 998 
111 124 126 143 229 285 343 360 507 535 607 655 672 751 775 810 820 862 875 921 944 996 
93 106 141 236 251 312 350 371 375 407 415 435 438 462 471 591 752 802 804 869 874 933 938 
25 30 102 138 150 182 210 214 319 411 450 537 543 594 809 898 
19 41 84 212 318 325 366 395 402 437 547 643 716 827 887 947 
127 508 582 870 
21 36 129 276 383 403 437 440 525 537 564 590 618 748 749 790 810 828 837 886 939 992 
94 165 348 361 416 417 492 540 593 599 636 735 848 917 927 998 
13 16 191 211 282 308 434 551 566 680 773 797 831 854 873 895 953 
7 84 200 308 343 403 418 430 446 481 487 490 573 574 583 610 679 996 
1 20 116 135 186 276 354 411 458 484 506 535 558 653 834 862 869 910 
44 124 204 214 269 345 371 372 506 509 534 569 633 649 658 720 721 754 776 793 834 982 989 
142 198 289 308 322 341 350 390 519 524 590 593 610 665 692 694 697 760 842 854 948 969 
24 25 128 154 229 281 308 310 323 355 399 408 424 677 695 737 857 893 918 941 965 
24 90 109 117 139 168 227 242 246 300 407 443 475 518 660 709 725 831 914 
18 25 141 303 338 436 455 554 686 861 974 985 
2 106 158 268 279 338 348 430 495 651 731 782 785 789 838 845 850 869 901 915 973 
15 18 41 123 128 137 153 168 186 288 305 433 486 491 507 737 780 866 896 
26 92 112 157 189 201 221 290 294 422 427 490 596 616 622 630 671 678 679 706 720 730 793 849 945 
10 46 60 128 174 271 321 361 374 526 595 651 715 850 892 
30 106 135 139 155 224 294 328 379 417 561 579 622 716 812 847 868 875 901 984 992 
212 365 455 493 494 532 597 642 670 744 799 832 855 912 
137 224 244 265 298 314 339 510 606 639 838 987 
130 166 269 328 395 400 428 442 452 487 504 525 550 575 622 628 686 780 845 874 985 
3 73 74 85 158 183 224 249 426 450 464 487 591 609 619 678 721 725 765 841 855 930 983 
240 248 287 306 314 381 482 551 552 587 619 692 786 877 912 926 
6 29 67 226 273 314 335 348 358 435 458 459 496 648 670 708 776 783 918 
4 57 160 163 246 353 365 454 577 580 584 637 646 658 672 760 887 890 995 
28 66 106 191 352 353 409 410 425 444 547 622 711 787 818 961 971 
71 124 168 205 229 288 389 531 557 568 575 605 615 658 692 805 818 913 
46 66 97 168 220 247 313 374 434 576 606 643 764 769 812 933 953 960 
49 75 99 218 225 471 472 483 516 554 569 625 647 676 726 752 789 813 829 835 868 956 957 
88 93 113 186 209 241 395 450 555 562 566 630 657 697 775 848 859 868 872 913 
4 61 76 129 226 284 341 550 575 698 722 847 855 934 
20 116 128 129 134 452 508 552 576 591 607 630 727 967 
80 86 164 192 275 293 417 553 574 579 647 651 682 713 802 806 872 880 902 
139 204 225 246 271 308 409 426 427 461 483 537 538 540 595 744 825 827 828 832 861 888 910 934 973 988 
28 87 162 195 233 274 287 298 412 437 482 484 490 527 599 666 761 778 792 851 864 889 893 
6 219 223 229 271 304 404 523 534 559 564 681 836 926 959 
2 57 94 102 103 114 211 293 405 461 464 475 490 497 513 621 697 740 774 795 817 921 996 
54 120 182 194 205 225 282 284 348 352 392 429 554 560 576 841 895 902 940 948 976 
12 53 95 131 184 203 220 323 351 361 388 390 412 508 537 621 637 643 711 778 882 
66 131 147 195 231 265 269 331 506 674 707 900 901 
80 130 150 155 207 208 437 454 550 601 621 633 682 689 772 854 903 912 976 
43 172 238 293 297 303 369 560 597 617 661 691 722 738 790 795 820 825 953 978 
63 90 92 112 145 156 177 197 273 373 393 432 495 562 578 641 648 673 686 759 762 784 828 846 883 894 931 935 973 
11 104 246 345 352 433 470 586 801 814 909 974 990 
8 12 74 151 261 325 334 370 425 523 533 551 580 641 694 714 762 875 
24 149 266 310 380 386 443 567 655 739 744 788 801 981 
9 23 29 74 77 90 136 207 218 227 263 286 304 305 338 352 423 447 485 577 666 977 
7 43 96 131 148 154 228 290 309 335 532 544 547 606 624 709 738 790 796 825 
63 266 289 438 476 489 504 513 519 539 571 578 599 696 745 765 
0 22 25 116 261 280 370 422 425 443 482 545 584 682 773 827 
210 233 322 345 403 472 514 520 538 826 836 911 939 
2 40 43 46 53 88 130 246 318 363 374 387 474 497 514 622 625 644 713 832 847 860 923 
26 58 64 69 91 106 204 236 247 298 496 505 703 711 737 769 818 846 
46 79 80 129 155 222 247 366 370 437 482 513 542 766 783 791 864 978 
47 92 130 134 141 161 189 342 373 437 509 527 575 651 693 704 725 859 
29 141 331 419 429 551 616 669 795 862 884 928 
2 38 45 56 83 148 215 247 269 294 303 426 442 569 570 576 592 623 628 759 845 851 884 907 960 
45 60 172 196 234 304 328 351 369 495 537 597 648 786 793 851 860 947 973 984 
20 49 87 108 135 377 405 453 522 555 625 669 709 732 753 755 845 915 918 939 971 
17 143 145 164 218 427 566 573 593 598 658 687 737 744 795 800 811 828 961 
103 143 153 258 277 438 441 566 569 679 682 742 768 789 793 864 868 908 934 967 
76 93 101 153 203 240 278 289 293 451 498 592 608 695 696 743 752 810 814 862 
8 73 90 209 285 322 345 399 482 740 814 839 951 962 
22 215 225 235 300 363 417 438 474 482 515 655 721 722 754 801 839 
