57 61 
0 0 
0 0 
43 
54 
19 
0 0 
58 
15 50 
0 0 
0 0 
17 
42 
36 79 
60 
92 
61 
11 84 
84 
16 30 
88 
0 0 
8 
54 
0 0 
0 0 
23 28 
0 0 
3 
0 0 
0 0 
0 0 
23 
0 0 
23 79 
29 
0 0 
32 81 
6 38 42 
20 61 
68 
0 0 
30 40 
27 
38 48 
23 
34 
0 0 
94 
70 
0 0 
4 5 17 
32 
0 0 
44 
33 96 
0 0 
34 
0 0 
79 
0 0 
43 
28 34 
6 53 81 
0 0 
6 37 
0 0 
0 53 
25 
1 
8 
0 0 
0 0 
0 0 
0 0 
0 0 
50 55 
0 0 
11 15 
69 
0 0 
0 0 
88 
82 91 
5 
0 0 
0 0 
0 0 
0 0 
38 56 
14 61 
47 69 
93 
0 0 
23 65 86 
68 86 
0 0 
0 0 
0 0 
0 0 
