6 2 2 4 3 
3 
0 0 
3 7 7 
10 
10 
0 0 
6 
5 4 10 
0 0 
6 7 1 
7 2 
5 
6 3 8 
7 
3 8 
2 10 
4 2 
10 7 
7 7 
1 1 7 
9 
10 
1 
3 10 
4 4 10 
1 9 10 4 
7 5 
0 0 
8 
4 6 
6 
2 
5 
6 8 
2 
4 
3 9 7 
3 2 3 
2 10 5 
9 10 6 6 
2 8 
5 4 2 4 
5 6 
10 1 7 
7 
8 
2 1 
7 10 6 2 
10 8 
9 10 9 
9 
4 
1 5 
4 10 
2 3 
5 
8 
8 
2 1 1 
3 4 4 6 
8 2 
2 1 4 
1 
6 8 
6 8 
10 5 3 
8 
7 
8 
2 
0 0 
0 0 
4 
10 
7 5 5 
0 0 
9 8 1 
10 8 8 5 
5 5 
4 5 
0 0 
9 
7 8 2 10 1 
0 0 
7 
8 
9 
8 8 8 4 
10 1 5 
6 3 1 6 
1 
7 
4 1 1 
8 3 8 
9 
6 
7 
4 
10 9 10 3 
