9 15 29 30 53 57 
12 25 45 66 85 
6 10 39 96 
23 25 28 29 32 48 71 84 94 
12 21 31 71 95 
64 68 89 97 
54 81 84 92 
23 25 34 39 80 85 89 
13 42 49 89 92 
12 15 21 41 59 64 89 90 
47 67 71 
18 22 32 35 63 86 
13 15 19 52 76 80 
7 17 51 58 64 95 
19 52 56 69 93 
13 21 90 
28 39 40 70 83 91 
8 59 67 
2 5 37 42 47 49 61 63 71 
17 43 46 58 64 99 
9 64 
13 16 63 66 67 
8 58 59 95 
24 49 58 64 90 
4 26 42 51 78 80 
14 19 29 37 43 62 86 
14 45 57 62 78 84 
18 53 62 
14 25 33 58 65 76 91 99 
78 90 
69 86 89 
61 62 99 
0 12 37 83 
39 44 47 87 94 98 
32 50 58 
22 30 36 62 81 
25 29 41 53 85 89 
39 66 68 
6 20 27 54 61 82 
3 7 18 28 37 74 
0 3 5 62 72 81 84 
4 13 45 48 53 66 
3 10 14 22 59 69 91 
11 14 22 40 42 45 
17 28 35 46 47 48 58 61 89 
12 77 
10 15 41 59 90 94 99 
19 66 67 90 
60 99 
0 12 41 
26 57 82 
87 
35 53 74 86 
10 20 48 52 61 71 75 78 79 
11 
14 22 70 79 82 86 
1 23 57 
5 6 46 48 69 
11 17 29 37 73 81 
5 84 89 90 94 
4 55 64 89 
10 31 37 65 68 87 95 
58 89 
40 50 74 85 95 
27 31 45 49 57 74 80 92 93 
5 21 28 38 61 84 85 
0 34 38 
35 39 
8 15 35 
13 27 30 34 53 
9 68 
13 23 62 82 93 
44 52 59 67 
20 45 60 65 68 95 
93 
0 17 21 52 92 93 
22 42 60 65 68 73 78 81 91 
26 35 45 57 87 
8 36 42 46 
11 13 72 
13 17 64 73 77 86 95 
4 7 11 14 34 68 99 
9 16 18 37 49 56 89 
26 78 
0 25 34 39 
22 34 52 61 94 
0 5 10 15 58 66 76 87 
7 10 30 54 71 85 89 91 92 
7 9 10 43 70 78 82 
1 8 10 27 31 53 55 68 90 
5 35 50 67 73 90 
11 24 80 91 
2 8 16 18 41 57 82 87 
4 20 36 78 91 97 
43 47 55 
23 28 57 74 92 
3 15 22 67 76 80 81 
15 93 
24 47 91 
10 11 77 85 
