28 46 58 95 
1 5 
25 
7 
13 14 39 
39 53 58 86 
0 0 
1 79 
68 
0 88 
20 94 95 
35 39 
4 41 66 79 
56 74 95 
73 
45 
18 95 
59 
20 32 
35 89 
78 92 
12 20 66 79 
15 92 
42 52 
6 32 76 
33 99 
16 70 
0 0 
91 95 
54 55 
9 97 
19 47 50 
84 
26 51 
0 0 
10 
17 
13 34 54 
0 0 
32 53 57 
41 72 77 
1 63 
13 51 99 
24 35 51 
40 53 56 
12 26 49 
50 
0 0 
99 
35 48 
62 
97 
30 83 91 
77 82 83 99 
14 
2 15 30 41 45 48 89 
53 93 
44 61 62 
60 
30 60 88 
41 96 
3 20 
21 99 
10 26 
19 72 74 
0 0 
97 
75 
50 
3 38 65 67 
9 56 92 
23 43 75 
0 0 
0 0 
25 
51 
0 0 
3 40 49 88 
0 0 
8 
10 34 
15 26 
90 
4 48 99 
23 
18 69 84 85 
37 48 57 
55 69 74 
18 30 80 
33 54 80 84 
29 65 
20 
0 0 
0 0 
17 19 48 71 
56 62 
39 51 70 
18 33 34 
19 54 87 
0 0 
