28 46 96 
3 
27 
9 
17 42 
57 91 
0 0 
0 0 
0 0 
8 
0 0 
6 
17 80 93 
70 
10 88 
60 
0 0 
11 
0 0 
0 0 
99 
13 42 
2 38 
77 
31 
2 
26 43 
0 0 
0 0 
19 23 82 83 
37 
25 76 79 
0 0 
13 
0 0 
41 
0 0 
45 
0 0 
93 
77 
14 38 
51 
38 63 
81 94 97 
68 91 
92 
0 0 
0 0 
41 77 
0 0 
5 
40 
27 35 
27 28 60 
48 61 76 92 95 
0 0 
1 41 
10 
10 
40 
57 
76 
66 82 
75 
28 30 
0 0 
0 0 
0 0 
8 
25 70 
17 53 
38 
0 0 
88 
0 0 
0 0 
67 
4 13 
73 
0 0 
0 81 92 
0 0 
56 70 
14 65 89 
0 0 
54 
6 
41 46 90 
2 52 
5 26 52 
39 94 
0 0 
0 0 
94 
47 
39 
29 48 
12 13 98 
0 0 
