2 27 45 57 94 
0 4 21 57 
22 37 58 68 94 
0 
6 7 32 34 40 
30 44 49 52 76 
29 37 40 50 84 86 94 
47 53 56 60 68 99 
23 36 45 77 90 
18 63 95 
40 60 67 68 
8 12 29 35 60 74 
11 18 19 34 44 46 54 57 
21 39 60 93 
4 36 40 
7 42 48 59 77 
5 7 49 51 
15 24 46 74 85 
52 79 87 
35 40 45 66 
27 41 42 49 59 67 69 74 
11 24 60 92 
36 37 49 73 82 93 
30 46 72 
5 14 46 71 
13 16 30 34 51 61 
4 14 23 
56 65 89 92 
3 18 20 21 80 81 95 
3 33 70 94 
19 41 69 72 
15 57 88 
3 15 44 65 68 69 71 
76 94 
3 22 27 75 77 
4 6 24 95 
0 1 17 21 34 36 56 92 
39 75 76 
30 51 55 
34 38 69 74 88 97 
59 68 77 
7 41 44 61 66 85 89 
0 11 12 22 39 48 63 
26 39 42 98 99 
11 34 66 
5 31 32 57 62 68 
2 52 62 
17 25 31 72 84 
7 20 
27 33 44 84 
31 52 64 69 77 95 97 
21 46 54 70 
25 38 43 44 51 59 74 
15 61 74 89 
0 2 3 6 7 12 19 40 43 75 97 
5 45 59 76 94 
11 12 36 39 68 85 
6 39 75 79 
4 7 31 46 59 74 81 
16 29 34 41 43 57 67 
3 12 55 91 99 
31 42 48 57 
10 33 48 
1 3 38 59 98 
17 37 39 96 
12 18 26 28 57 65 92 
3 25 57 64 78 
16 38 50 62 76 78 
0 19 23 29 64 
0 25 30 36 49 81 
30 
0 19 46 72 85 90 
10 14 22 43 62 
21 45 95 98 
30 94 
31 40 79 
59 84 89 96 
22 47 52 95 
19 38 99 
10 
63 73 87 94 
6 12 14 27 77 87 
1 70 95 
46 61 62 73 74 
12 15 22 31 35 74 75 
26 40 45 48 88 
0 46 49 70 
1 22 41 47 51 96 
32 81 86 
40 53 65 73 77 96 
0 13 22 38 
9 50 71 73 81 
1 24 
9 15 16 49 90 95 
1 19 28 36 66 81 82 
29 66 
1 20 33 
4 30 62 65 67 73 98 
6 13 49 71 76 84 
38 55 60 61 71 
